MATRICE DI SIMILARITA' - Prefisso: wx4er
----
User 004
017  0
025  -0.230769
041  0.384615
062  0
085  0
128  0.153846
140  0.230769
144  0.153846
153  0.0769231


----
User 017
004  0
025  -0.2
041  -0.0666667
062  0
085  0
128  -0.0666667
140  0.0666667
144  0.2
153  0.2


----
User 025
004  -0.230769
017  -0.2
041  0
062  0.75
085  0.75
128  -0.0833333
140  0.166667
144  0.25
153  0.0833333


----
User 041
004  0.384615
017  -0.0666667
025  0
062  0
085  -0.1
128  0
140  0
144  0.1
153  0.1


----
User 062
004  0
017  0
025  0.75
041  0
085  0.1
128  -0.125
140  -0.125
144  0.125
153  0


----
User 085
004  0
017  0
025  0.75
041  -0.1
062  0.1
128  0.4
140  0.2
144  0.1
153  1.1


----
User 128
004  0.153846
017  -0.0666667
025  -0.0833333
041  0
062  -0.125
085  0.4
140  0.25
144  0
153  0


----
User 140
004  0.230769
017  0.0666667
025  0.166667
041  0
062  -0.125
085  0.2
128  0.25
144  0
153  0


----
User 144
004  0.153846
017  0.2
025  0.25
041  0.1
062  0.125
085  0.1
128  0
140  0
153  1.42857


----
User 153
004  0.0769231
017  0.2
025  0.0833333
041  0.1
062  0
085  1.1
128  0
140  0
144  1.42857



Media NCD: 0.141618
Dev Std NCD: 0.311907
Dev Std norm NCD: 2.20246

Media n stati: 9.64444
Dev Std n stati: 2.81653
Dev Std norm n stati: 0.292036
