CHECK DI SIMILARITA on training set' - Prefisso: wx4er
----
User 004
017  0.72381
025  0.819048
041  0.457143
062  0.761905
085  0.771429
128  0.87619
140  0.885714
144  0.780952
153  0.6


----
User 017
004  0.421875
025  0.833984
041  0.503906
062  0.917969
085  0.462891
128  0.771484
140  0.720703
144  0.291016
153  0.712891


----
User 025
004  0.646617
017  0.781955
041  0.451128
062  0.917293
085  0.586466
128  0.954887
140  0.879699
144  0.661654
153  0.879699


----
User 041
004  0.483871
017  0.870968
025  0.903226
062  0.935484
085  0.870968
128  1
140  0.967742
144  0.580645
153  0.870968


----
User 062
004  0.633803
017  0.725352
025  0.78169
041  0.485915
085  0.577465
128  0.922535
140  0.873239
144  0.619718
153  0.823944


----
User 085
004  0.423333
017  0.356667
025  0.463333
041  0.19
062  0.76
128  0.99
140  0.806667
144  0.593333
153  0.693333


----
User 128
004  0.597143
017  0.427143
025  0.597143
041  0.364286
062  0.7
085  0.714286
140  0.907143
144  0.627143
153  0.888571


----
User 140
004  0.475
017  0.492857
025  0.485714
041  0.467857
062  0.582143
085  0.489286
128  1
144  0.603571
153  0.821429


----
User 144
004  0.464286
017  0.607143
025  0.607143
041  0.607143
062  0.714286
085  0.642857
128  1
140  0.857143
153  0.678571


----
User 153
004  0.45
017  0.55
025  0.572727
041  0.45
062  0.754545
085  0.727273
128  0.963636
140  0.890909
144  0.727273



Media : 0.686468
Dev Std : 0.187246
Dev Std norm: 0.272767
