32
$ 0 1 2 3 4 5 6 7 8 9 b c d e f g h j k m n p q r s t u v w x y z 
+ 2 0 1 3
+ 1 0 1 3 1 3
+ 2 1 0
+ 1 1 3
+ 2 1 3 1 0
+ 1 1 3 1 3 1 0
+ 4 3
+ 7 3 1 0
+ 1 3 1 3
+ 1 3 1 3 1 0
+ 2 3 1 3 1 3
+ 3 3 1 3 1 3 1 0
+ 1 3 1 3 1 3 1 3
+ 2 3 1 3 1 3 1 3 1 3 1 3 1 3
+ 1 3 1 3 1 3 1 3 1 3 1 3 1 3 1 0
+ 1 3 1 3 1 3 1 3 1 3 1 3 1 3 1 3 1 0
+ 1 3 1 3 1 3 1 3 1 3 1 3 1 3 1 3 1 3
+ 3 3 1 3 1 3 1 3 1 3 1 3 1 3 1 3 1 3 1 3 1 3 1 0
+ 1 3 1 3 1 3 1 3 1 3 1 3 1 3 1 3 1 3 1 3 1 3 1 3 1 3 1 3 1 3
+ 1 3 1 3 1 3 1 3 1 3 1 3 1 3 1 3 1 3 1 3 1 3 1 3 1 3 1 3 1 3 1 3 1 3 1 3 1 3 1 3 1 3 1 3 1 3 1 3 1 3 1 3 1 3 1 3 1 3 1 3 1 3 1 3 1 3 1 3 1
+ 1 3 1 3 1 3 1 3 1 3 1 3 1 3 1 3 1 3 1 3 1 3 1 3 1 3 1 3 1 3 1 3 1 3 1 3 1 3 1 3 6 3
+ 1 3 6
+ 1 3 6 3 1 0
+ 1 3 6 4 1 3 1 3 1 3 1 3 1 3 1 3 1 3 1 3 1 3 1 3 1 3
+ 1 3 6 4 6 3
- 2 0 1
- 1 0 1 3 1 0
- 4 0 1 4 5 7 k m q r
- 2 0 1 4 5 7 k r
- 1 0 1 4 7 k m q
- 1 2
- 1 6
- 1 6 3 1 0
- 1 6 3 2 3 6
- 1 8
- 1 8 9 c f g u v y
- 1 8 9 c f g u v y v u g
- 4 8 9 c f g u v y z
- 1 c 9 8
- 1 c d 6 7 5
- 1 c f d 6 7 5
- 2 g e 7 5
- 1 m
- 1 u g f c 9 8
- 1 u s e 7 5
- 1 x w q m j
- 8 z y v u g f c 9 8
