CHECK DI SIMILARITA on training set' - Prefisso: wx4
----
User 003
004  0.964029
017  0.971223
030  0.942446
068  0.848921
153  0.834532
163  0.92446


----
User 004
003  0.990196
017  0.993464
030  0.980392
068  0.898693
153  0.833333
163  0.921569


----
User 017
003  0.822581
004  0.876344
030  0.860215
068  0.822581
153  0.755376
163  0.946237


----
User 030
003  0.968379
004  0.972332
017  0.98419
068  0.940711
153  0.901186
163  0.956522


----
User 068
003  0.868557
004  0.868557
017  0.945876
030  0.878866
153  0.974227
163  0.979381


----
User 153
003  0.856757
004  0.861261
017  0.934234
030  0.865766
068  0.983784
163  0.98018


----
User 163
003  0.902588
004  0.908676
017  0.960426
030  0.91933
068  0.968037
153  0.987823



Media : 0.917958
Dev Std : 0.058585
Dev Std norm: 0.063821
