CHECK DI SIMILARITA on training set' - Prefisso: wx4e
----
User 003
004  0.984
017  0.416
030  0.834667
068  0.429333
153  0.242667
163  0.352


----
User 004
003  0.981693
017  0.304348
030  0.899314
068  0.386728
153  0.208238
163  0.244851


----
User 017
003  0.70598
004  0.769103
030  0.415282
068  0.563123
153  0.501661
163  0.863787


----
User 030
003  0.971631
004  0.975177
017  0.198582
068  0.358156
153  0.173759
163  0.205674


----
User 068
003  0.622951
004  0.721311
017  0.737705
030  0.622951
153  0.803279
163  0.819672


----
User 153
003  0.606061
004  0.708333
017  0.962121
030  0.632576
068  0.75
163  0.973485


----
User 163
003  0.437681
004  0.504348
017  0.976812
030  0.44058
068  0.544928
153  0.971014



Media : 0.614799
Dev Std : 0.26083
Dev Std norm: 0.424253
