32
$ 0 1 2 3 4 5 6 7 8 9 b c d e f g h j k m n p q r s t u v w x y z 
+ 1 2 3 6 7 k m q r
+ 1 4 6 d f
+ 1 8 3 6 7 k s t w q r x
+ 1 c
+ 6 n q r
+ 2 n q r x
+ 8 n q w y
+ 1 p n q w y
+ 1 p r q w y
+ 1 q r
+ 1 r
+ 1 r q w y
+ 1 r x w q n
+ 1 y w q
+ 2 y w q r
- 1 0 1 3 1 3 6 2 3 z 3 6 d f
- 1 0 1 3 2 8
- 1 0 1 3 6 0 1 3 6 3 6 3 6
- 1 0 1 3 6 3 6 3 1 3 1 3 6 3 6 3 6 7 6 7 6 7 6 7 6 4 6 4 6 3 6 3 6 3 6 3
- 1 0 1 3 6 3 6 3 6 7 6 7 e 7 6 7 6 7 6 d 6 7 6 7 6 7 6 7 6 7 6 7 e 3 9 3 9 3 9 3 0 6 9 d 6 7 6 7 6 7 6 3 7 6 7 6 7 6 7 6
- 1 0 1 3 6 4 3 6 1 3 6 1 3 2 3 6 7
- 1 0 1 3 6 4 6 3 6 3 6 3 6 3 6 3 6 3 6 7 6 7 6 3 6 7 6 3 2 3 6 7 6 3 6 3 6 3 4 6 3 6 3 1 4 6 3 5 6 3 1 3 1 0 1 0 1
- 1 0 2 0 3 9 3 6 d 6 7 5
- 1 0 2 3
- 1 0 2 3 6
- 1 0 2 3 6 3 6 3 6 3 6 3 6 3
- 1 0 2 3 6 n 0 3 6 3 6 3 6 3 6 3 6 4 3 1
- 1 0 3 6 3 6 d 6 4
- 1 0 3 6 4
- 1 1 2
- 1 1 3 4 6 3 1 3 6 1 3 6 1 3 1 3 1 3 6 3 6 3 6 3 1 6 3 6 3 6 3 6 3 d 3 1 3 6 3 6 3 6
- 1 1 3 6 7 6 7 6 7 6 7 6 7 6
- 1 1 3 6 d 6 d
- 1 2
- 1 2 0 2 0 3 9 3 6 7 6 7 6 7 6 7 s 7 s k 7 6 7 6 7 6 d 9 c 9 d f
- 1 2 3 2 3 6 3 6 3 6 3 2 3 2 3 2 3 2 3
- 1 2 3 6
- 1 2 3 6 0 6 3 6 3 6 3 1 3 6 4 1 3 1 6 3
- 1 2 3 6 3 6 3 6 3 6 7 6 7 6 7 6 7 6 3 6 3 6 3 6
- 1 2 3 6 4 6 4 1 4
- 2 2 3 6 d 6 4
- 3 2 3 6 d f
- 1 2 3 9 3 6 4 6 3 6 d f d f c
- 1 2 3 9 3 9 3 6 d 6 4
- 1 2 3 9 4 6 d 9 6 d 6 4
- 1 2 8 2 3 6 3 6 3 6 3 d 9 6
- 1 2 8 3
- 1 2 8 9 d f
- 1 3 1 3 2 0
- 2 3 2
- 1 3 4
- 1 3 6 3 6 3 6 3 1 0 1 0 1 0 1 3 6 3 6 3 6 3 6 3 6 3 2 3 2 3
- 1 3 6 3 6 3 6 3 6 3 6 3 6 3 6 3 6 3 6 3 2 6 3 6 3 2 3 6 2
- 1 3 6 3 6 7 5 7 5
- 1 3 6 3 6 d 6 4
- 1 3 6 4
- 1 3 6 4 6 4
- 1 3 6 7 5 7 5 k h
- 1 3 6 d 6 d 6 4
- 1 3 6 d f
- 1 3 9 8 2
- 1 3 9 d f
- 1 3 9 d f c
- 1 3 d 3 6 3 d 6 4
- 1 3 d 9 d 6
- 2 4
- 1 4 1 6 7 6 7 6 4 6 4 6 7 6 7 6 7 6 7 6 7 6 1 7 6 4 6 7 6 7 1 6 7 6 7 6 7 6 7 k 7 6
- 1 4 3 9
- 1 4 3 9 3 6 4 1 3 1 4
- 1 4 3 9 8 9 8 2
- 1 4 6 3 6 7 6 3 6 3 6 3 6 3 9 d 6 3 6 3 5 7 6 3 6 3 6 d 6 4
- 1 4 6 3 9 3 6 4 6 3 6 4
- 1 4 6 4
- 1 4 6 4 6 3 6
- 1 4 6 d 6 3
- 5 4 6 d 6 3 2
- 2 4 6 d 6 3 6
- 1 4 6 d 6 3 6 3 6 3
- 1 4 6 d 6 3 6 3 6 3 6 7 6 d 6 7 6 7 6 7 6 7 6 7 k 7 d 6 d 6 3 6 9
- 1 4 6 d 6 3 6 3 6 3 6 u 9 3 9 3 2 8 2
- 1 4 6 d 6 3 6 7 6 3 6 7 6 7 6 7 6 7 6 d 6 d 6 d 6 d 6 d 6 d 6 d 3 6 3 6 7 6 7 6 7 6 7 6 7 e 7 6 7 e 7 e 7 6 d 6 3 6 7 e 5 4 7 6 7 e 7 d 6 3 1 3 6
- 1 4 6 d 6 3 6 7 6 7 6 d 6 c d 7 6 7 6 3 6 7 6 7 6 7 6 7 6 7 6 7 6 d 6 7 6 7 6 7 e 7 e 7 e 7 6 7 t 7 6 7 6 7 6 7 6 7 6 7 6 7 6 7 6 7 k
- 1 4 6 d 6 d 9 3 9 3 6 7 6 7 6 7 6 7 6 7 6 7 e 7 6 7 6 7 6
- 1 4 6 d e g
- 1 4 6 d f d 6 9 3 6
- 1 4 6 d f d e g f
- 1 4 6 d g f
- 1 4 d 6 3 6 3 9 d
- 1 5 4
- 1 5 4 3 2 3 2
- 1 5 4 6 4 6 d f
- 2 5 4 6 d f
- 1 5 7 e d
- 2 6
- 1 6 3
- 1 6 3 2
- 1 6 3 2 3 2 3 2 3 2 3 2
- 1 6 3 2 3 2 3 2 3 2 3 2 8 2
- 1 6 3 2 8 2
- 1 6 3 6 3 4 6
- 1 6 3 6 3 6 3 6 3 6
- 1 6 3 6 3 6 3 6 3 6 3 6 3 6 7 6 7 6 7 6 7 6 3 6 7 6 3 6 3 6 3 6 3 6 7 6 3 1 3 6 4 3 6 4 6 7 6 7 6 3 6 3 6 7 k 7 6 7 m k 7 k 7 3 6 d 6 4
- 1 6 3 6 d 6 4
- 1 6 3 6 d f
- 1 6 3 9 d
- 1 6 4 1 3 6 4 6 7 6 d f
- 1 6 7 k m k m k 7 6 3 2
- 1 6 9 d 6 4
- 1 6 d 6 3 6 3 6 7 6 7 6 7 6 7 6 7 6
- 1 6 d 6 3 6 d f
- 1 6 d 6 4
- 1 6 d 6 d 6 3 9 8 2
- 1 7 6 7 6 7 6
- 1 7 6 7 6 7 6 2 3 9 8 2
- 1 7 6 7 6 7 6 7 6 7 6
- 1 7 6 d 6 3 7 d 6 d e d f
- 1 7 e 7 6 3 6 d 6 7 e 7 6 7 6 7 e 7 6 7 6 7 6 7 e 7 6 7 6 7 6 7 6 7 6 7 6
- 1 7 e 7 t
- 1 8
- 1 8 2 3 6 3 6 3 6 7 3 6 3 6 d 6 4
- 1 8 2 3 6 d 6 4
- 1 9 3 6 4 6 3 1 4 6 3 9 d 6 7 6 4
- 1 9 3 6 d 6 d f
- 1 9 d 6 3
- 1 b c f g e g f c b 8 b 8 b
- 1 c 9
- 1 c b 8
- 1 c b c f g f g f d 6 3 6
- 5 d
- 1 d 6
- 1 d 6 3 6
- 11 d 6 4
- 1 d 6 4 1
- 1 d 6 7 5 4
- 1 d 6 7 6 d f d 9 3
- 1 d 6 d 6 d 6 d 6 d 6 d e 7 4
- 1 d 9 d 7 6 d
- 1 d e d
- 1 d e d e d e d e d e d e d e d e d e d e 6
- 2 d f
- 1 d f d f
- 2 e
- 1 e 6
- 1 e 6 7 k 7 k s t s t s k 7 6 3 6 d 6 7 6 7 6 7 6 7 6 7 6 7 6 7 6 7 e 7 e 7 e 7 6 7 6 7 6 4 6 7 6 7 6 4 6 7 6 7 6 7 6 7 6 7 6 7
- 1 e 7 5
- 1 e s 7 s k 6 0 6 1 w
- 1 f
- 1 f 4 5 6 d
- 1 f d
- 1 f d 3 6 4
- 6 f d 6 3 2
- 1 f d 6 3 6
- 1 f d 6 3 6 3 6 d 6 4
- 1 f d 6 3 6 7
- 1 f d 6 3 6 7 6 7 6 3 6 3 6 3 6 3 6 3 6 3 6 3 6
- 1 f d 6 3 9 3 6 t m 0 2 3 6 3 6 3 6 7 k m k m k 7 6 3 6 4 6 3 6 3 6 3 6 3 6 3 6 7 2 3 6 m 7 k 7 e d 6 d 6 4
- 42 f d 6 4
- 1 f d 6 d 3 6 5 7 6 3 2 3 6 3 6 3 6 3 6 3 6 3 6 3 6 3 6 3 6 3 6 3 6 7 6 7 6 3 6 7 6
- 1 f d 6 d 6 4
- 1 f d 6 d 9 3 2
- 1 f d 6 d 9 3 6 3 6
- 1 f d 6 d 9 3 6 3 6 d f c 9 c 9 d f d f d f d f
- 1 f d 9 3 9 8 2
- 1 f d 9 d 6 4
- 2 f d f
- 1 f g e d e d e d 6 d 6 3 9 d f g
- 1 f g f d 6 3 6
- 1 g e d e d e d 6 3 1 0
- 1 p n q m k 7 6 3 6 3 6 3 6 3 6 3 6 3 6 3 6 7 6 7 6
- 1 p v
- 1 r p n
- 1 r q m k 7 6 3 2
- 1 s e 7 6 3 6 7 3 6 d 6 4
- 1 t s 7 6 7 k s 7 6 3 6 7 t s 6 7 k s 7 6 1
- 1 x
- 1 x r q w y w x
- 1 x r x r q m k 7 6 3 0
- 1 z 7 6 3 0
