CHECK DI SIMILARITA on training set' - Prefisso: w
----
User 004
017  0.910448
025  1
041  0.910448
062  0.99403
085  0.910448
128  0.997015
140  0.916418
144  0.997015
153  1


----
User 017
004  0.994709
025  1
041  1
062  1
085  0.994709
128  1
140  0.994709
144  0.994709
153  1


----
User 025
004  0.985915
017  0.737089
041  0.737089
062  0.943662
085  0.737089
128  0.960876
140  0.985915
144  0.959311
153  0.964006


----
User 041
004  0.99802
017  0.99802
025  0.99802
062  1
085  0.99802
128  0.99802
140  0.99802
144  1
153  0.99802


----
User 062
004  0.953216
017  0.85575
025  0.959064
041  0.8577
085  0.853801
128  0.959064
140  0.951267
144  0.996101
153  0.996101


----
User 085
004  1
017  1
025  1
041  1
062  1
128  1
140  1
144  1
153  1


----
User 128
004  0.904489
017  0.858644
025  1
041  0.858644
062  0.908309
085  0.858644
140  0.977077
144  0.988539
153  1


----
User 140
004  0.962382
017  0.952978
025  1
041  0.952978
062  0.965517
085  0.952978
128  0.996865
144  0.996865
153  1


----
User 144
004  0.866213
017  0.818594
025  0.931973
041  0.873016
062  0.929705
085  0.818594
128  0.936508
140  0.911565
153  0.950113


----
User 153
004  0.95
017  0.90625
025  0.986607
041  0.907143
062  0.964286
085  0.90625
128  0.982143
140  0.983036
144  0.99375



Media : 0.952716
Dev Std : 0.0630481
Dev Std norm: 0.0661772
