MATRICE DI SIMILARITA' - Prefisso: w
----
User 004
017  0.4
025  0
041  0
062  0
085  0.2
128  0
140  0
144  -0.166667
153  -0.2


----
User 017
004  0.4
025  -0.25
041  -0.2
062  0.25
085  -0.25
128  -0.25
140  0.4
144  0
153  -0.25


----
User 025
004  0
017  -0.25
041  0
062  -0.25
085  0
128  -0.25
140  0
144  -0.166667
153  0


----
User 041
004  0
017  -0.2
025  0
062  1.2
085  0
128  0
140  0.2
144  -0.166667
153  -0.4


----
User 062
004  0
017  0.25
025  -0.25
041  1.2
085  0.5
128  -0.25
140  0
144  0
153  -0.5


----
User 085
004  0.2
017  -0.25
025  0
041  0
062  0.5
128  0
140  0.2
144  0
153  -0.25


----
User 128
004  0
017  -0.25
025  -0.25
041  0
062  -0.25
085  0
140  -0.2
144  -0.166667
153  -0.25


----
User 140
004  0
017  0.4
025  0
041  0.2
062  0
085  0.2
128  -0.2
144  0.166667
153  0


----
User 144
004  -0.166667
017  0
025  -0.166667
041  -0.166667
062  0
085  0
128  -0.166667
140  0.166667
153  -0.333333


----
User 153
004  -0.2
017  -0.25
025  0
041  -0.4
062  -0.5
085  -0.25
128  -0.25
140  0
144  -0.333333



Media NCD: -0.0274074
Dev Std NCD: 0.278934
Dev Std norm NCD: -10.1773

Media n stati: 4.34074
Dev Std n stati: 0.9975
Dev Std norm n stati: 0.2298
