MATRICE DI SIMILARITA' - Prefisso: wx
----
User 003
004  0
017  0
030  0
068  0
153  0
163  0.2


----
User 004
003  0
017  0
030  0
068  0
153  0
163  0.2


----
User 017
003  0
004  0
030  0
068  0.25
153  0.5
163  0


----
User 030
003  0
004  0
017  0
068  0
153  0
163  0.2


----
User 068
003  0
004  0
017  0.25
030  0
153  0
163  0


----
User 153
003  0
004  0
017  0.5
030  0
068  0
163  0


----
User 163
003  0.2
004  0.2
017  0
030  0.2
068  0
153  0



Media NCD: 0.0642857
Dev Std NCD: 0.128307
Dev Std norm NCD: 1.99588

Media n stati: 3.52381
Dev Std n stati: 0.686772
Dev Std norm n stati: 0.194895
