CHECK DI SIMILARITA on training set' - Prefisso: wx4er
----
User 003
004  0.901235
017  0.685185
030  0.919753
068  0.666667
153  0.475309
163  0.919753


----
User 004
003  0.857143
017  0.72381
030  0.895238
068  0.742857
153  0.6
163  0.885714


----
User 017
003  0.552734
004  0.421875
030  0.486328
068  0.328125
153  0.712891
163  0.548828


----
User 030
003  0.779661
004  0.813559
017  0.491525
068  0.372881
153  0.627119
163  0.881356


----
User 068
003  0.5
004  0.611111
017  0.861111
030  0.611111
153  0.805556
163  0.888889


----
User 153
003  0.527273
004  0.45
017  0.55
030  0.495455
068  0.359091
163  0.986364


----
User 163
003  0.593668
004  0.662269
017  0.630607
030  0.382586
068  0.279683
153  0.944591



Media : 0.653069
Dev Std : 0.192618
Dev Std norm: 0.294943
