MATRICE DI SIMILARITA' - Prefisso: wx4er
----
User 003
004  0
017  0.333333
030  0
068  0
153  0.222222
163  -0.111111


----
User 004
003  0
017  0
030  0.0769231
068  0.153846
153  0.0769231
163  0.307692


----
User 017
003  0.333333
004  0
030  0.133333
068  -0.0666667
153  0.2
163  -0.0666667


----
User 030
003  0
004  0.0769231
017  0.133333
068  0
153  0.25
163  -0.111111


----
User 068
003  0
004  0.153846
017  -0.0666667
030  0
153  1.09091
163  -0.0909091


----
User 153
003  0.222222
004  0.0769231
017  0.2
030  0.25
068  1.09091
163  0.222222


----
User 163
003  -0.111111
004  0.307692
017  -0.0666667
030  -0.111111
068  -0.0909091
153  0.222222



Media NCD: 0.124807
Dev Std NCD: 0.254965
Dev Std norm NCD: 2.04288

Media n stati: 10.2063
Dev Std n stati: 2.70308
Dev Std norm n stati: 0.264843
