MATRICE DI SIMILARITA' - Prefisso: wx4eq
----
User 003
004  0.2
017  0.272727
030  0.4
068  -0.181818
153  0.5
163  0


----
User 004
003  0.2
017  0.0909091
030  0.3
068  0.363636
153  0.2
163  0.7


----
User 017
003  0.272727
004  0.0909091
030  0.181818
068  0
153  -0.0909091
163  0.272727


----
User 030
003  0.4
004  0.3
017  0.181818
068  0.0909091
153  0.25
163  -0.25


----
User 068
003  -0.181818
004  0.363636
017  0
030  0.0909091
153  1.09091
163  -0.181818


----
User 153
003  0.5
004  0.2
017  -0.0909091
030  0.25
068  1.09091
163  0


----
User 163
003  0
004  0.7
017  0.272727
030  -0.25
068  -0.181818
153  0



Media NCD: 0.200433
Dev Std NCD: 0.304443
Dev Std norm NCD: 1.51893

Media n stati: 9.66667
Dev Std n stati: 2.26078
Dev Std norm n stati: 0.233873
