CHECK DI SIMILARITA on training set' - Prefisso: wx
----
User 003
004  1
017  0.981949
030  1
068  0.99639
153  0.981949
163  0.981949


----
User 004
003  1
017  0.986971
030  1
068  0.996743
153  0.986971
163  0.986971


----
User 017
003  0.952756
004  0.952756
030  0.955381
068  0.955381
153  0.952756
163  0.950131


----
User 030
003  1
004  1
017  0.861818
068  0.938182
153  0.916364
163  0.861818


----
User 068
003  1
004  1
017  0.997416
030  1
153  0.994832
163  0.994832


----
User 153
003  0.99803
004  0.999015
017  0.997044
030  0.999015
068  0.99803
163  0.999015


----
User 163
003  0.995935
004  0.997967
017  0.99187
030  0.997967
068  0.995935
153  0.997967



Media : 0.979812
Dev Std : 0.0333644
Dev Std norm: 0.0340519
