CHECK DI SIMILARITA on training set' - Prefisso: wx4g
----
User 003
004  0.920635
017  0.84127
030  0.857143
068  0.825397
153  0.968254
163  0.888889


----
User 004
003  0.928571
017  0.761905
030  0.833333
068  0.738095
153  1
163  0.738095


----
User 017
003  0.513736
004  0.835165
030  0.673077
068  0.623626
153  0.956044
163  0.824176


----
User 030
003  0.901961
004  0.764706
017  0.764706
068  0.823529
153  0.901961
163  0.803922


----
User 068
003  0.371298
004  0.248292
017  0.291572
030  0.173121
153  0.874715
163  0.517084


----
User 153
003  0.475497
004  0.47351
017  0.370861
030  0.472848
068  0.689404
163  0.850993


----
User 163
003  0.388715
004  0.559561
017  0.72884
030  0.242947
068  0.873041
153  0.996865



Media : 0.697318
Dev Std : 0.228302
Dev Std norm: 0.327399
