MATRICE DI SIMILARITA' - Prefisso: wx4g
----
User 003
004  0.428571
017  0.222222
030  0
068  0
153  0
163  -0.0909091


----
User 004
003  0.428571
017  0.111111
030  0.5
068  0.5
153  0.333333
163  0.0909091


----
User 017
003  0.222222
004  0.111111
030  0.111111
068  -0.1
153  -0.222222
163  0


----
User 030
003  0
004  0.5
017  0.111111
068  0.1
153  -0.111111
163  0.454545


----
User 068
003  0
004  0.5
017  -0.1
030  0.1
153  -0.1
163  0.272727


----
User 153
003  0
004  0.333333
017  -0.222222
030  -0.111111
068  -0.1
163  -0.272727


----
User 163
003  -0.0909091
004  0.0909091
017  0
030  0.454545
068  0.272727
153  -0.272727



Media NCD: 0.106074
Dev Std NCD: 0.228473
Dev Std norm NCD: 2.1539

Media n stati: 8.53968
Dev Std n stati: 1.71664
Dev Std norm n stati: 0.201019
