CHECK DI SIMILARITA on training set' - Prefisso: wx4eq
----
User 003
004  0.911765
017  0.598039
030  0.72549
068  0.480392
153  0.617647
163  0.509804


----
User 004
003  0.804348
017  0.463768
030  0.818841
068  0.507246
153  0.514493
163  0.413043


----
User 017
003  0.961353
004  0.801932
030  0.178744
068  0.318841
153  0.386473
163  0.917874


----
User 030
003  0.859649
004  0.929825
017  0.45614
068  0.45614
153  0.631579
163  0.508772


----
User 068
003  0.837838
004  0.810811
017  0.837838
030  0.405405
153  0.594595
163  0.837838


----
User 153
003  0.588235
004  0.455882
017  0.411765
030  0.338235
068  0.441176
163  0.911765


----
User 163
003  0.431373
004  0.27451
017  0.294118
030  0.189542
068  0.287582
153  0.888889



Media : 0.585943
Dev Std : 0.227025
Dev Std norm: 0.387452
