MATRICE DI SIMILARITA' - Prefisso: wx4e
----
User 003
004  0.25
017  0.0769231
030  0.235294
068  0.416667
153  0.4
163  0.8


----
User 004
003  0.25
017  0.125
030  0
068  0
153  0.4375
163  0.6875


----
User 017
003  0.0769231
004  0.125
030  -0.294118
068  0.0769231
153  0.307692
163  0.615385


----
User 030
003  0.235294
004  0
017  -0.294118
068  0.117647
153  0.588235
163  0.0588235


----
User 068
003  0.416667
004  0
017  0.0769231
030  0.117647
153  0.166667
163  0.0833333


----
User 153
003  0.4
004  0.4375
017  0.307692
030  0.588235
068  0.166667
163  0.6


----
User 163
003  0.8
004  0.6875
017  0.615385
030  0.0588235
068  0.0833333
153  0.6



Media NCD: 0.273784
Dev Std NCD: 0.269638
Dev Std norm NCD: 0.984857

Media n stati: 13.0159
Dev Std n stati: 3.04721
Dev Std norm n stati: 0.234115
