MATRICE DI SIMILARITA' - Prefisso: wx4
----
User 004
017  0.333333
025  0.222222
041  0.181818
062  0.111111
085  0.25
128  -0.1
140  0.111111
144  0.545455
153  0.0909091


----
User 017
004  0.333333
025  0.166667
041  -0.25
062  0.666667
085  -0.0833333
128  0
140  0.0833333
144  0
153  0.166667


----
User 025
004  0.222222
017  0.166667
041  0.363636
062  0.111111
085  0.166667
128  0
140  0.333333
144  0.363636
153  0.272727


----
User 041
004  0.181818
017  -0.25
025  0.363636
062  0.272727
085  0
128  -0.181818
140  0.454545
144  0.0909091
153  -0.272727


----
User 062
004  0.111111
017  0.666667
025  0.111111
041  0.272727
085  0.333333
128  0.3
140  0.857143
144  0.0909091
153  0.0909091


----
User 085
004  0.25
017  -0.0833333
025  0.166667
041  0
062  0.333333
128  0
140  0.0833333
144  0
153  0.166667


----
User 128
004  -0.1
017  0
025  0
041  -0.181818
062  0.3
085  0
140  0.2
144  -0.272727
153  0.0909091


----
User 140
004  0.111111
017  0.0833333
025  0.333333
041  0.454545
062  0.857143
085  0.0833333
128  0.2
144  0.272727
153  0


----
User 144
004  0.545455
017  0
025  0.363636
041  0.0909091
062  0.0909091
085  0
128  -0.272727
140  0.272727
153  -0.0909091


----
User 153
004  0.0909091
017  0.166667
025  0.272727
041  -0.272727
062  0.0909091
085  0.166667
128  0.0909091
140  0
144  -0.0909091



Media NCD: 0.146511
Dev Std NCD: 0.225393
Dev Std norm NCD: 1.5384

Media n stati: 9.91852
Dev Std n stati: 2.00389
Dev Std norm n stati: 0.202035
