CHECK DI SIMILARITA on training set' - Prefisso: wx4
----
User 004
017  0.993464
025  0.954248
041  0.882353
062  0.980392
085  0.977124
128  0.931373
140  0.895425
144  0.836601
153  0.833333


----
User 017
004  0.876344
025  0.739247
041  0.451613
062  0.876344
085  0.852151
128  0.994624
140  0.822581
144  0.77957
153  0.755376


----
User 025
004  0.945098
017  0.960784
041  0.813725
062  0.982353
085  0.970588
128  0.998039
140  0.960784
144  0.966667
153  0.958824


----
User 041
004  0.163873
017  0.683426
025  0.703911
062  0.553073
085  0.793296
128  0.986965
140  0.724395
144  0.759777
153  0.258845


----
User 062
004  0.90239
017  0.936255
025  0.954183
041  0.796813
085  0.922311
128  0.99004
140  0.918327
144  0.946215
153  0.916335


----
User 085
004  0.737745
017  0.904412
025  0.938725
041  0.715686
062  0.843137
128  0.977941
140  0.892157
144  0.884804
153  0.67402


----
User 128
004  0.859337
017  0.905405
025  0.896806
041  0.493857
062  0.948403
085  0.884521
140  0.856265
144  0.610565
153  0.595823


----
User 140
004  0.895833
017  0.9375
025  0.916667
041  0.247024
062  0.955357
085  0.940476
128  0.997024
144  0.955357
153  0.979167


----
User 144
004  0.786765
017  0.860294
025  0.838235
041  0.767157
062  0.892157
085  0.857843
128  0.995098
140  0.941176
153  0.941176


----
User 153
004  0.861261
017  0.934234
025  0.863063
041  0.76036
062  0.902703
085  0.925225
128  1
140  0.992793
144  0.972072



Media : 0.849279
Dev Std : 0.163404
Dev Std norm: 0.192404
