CHECK DI SIMILARITA on training set' - Prefisso: wx
----
User 004
017  0.986971
025  0.986971
041  1
062  0.990228
085  0.980456
128  1
140  0.993485
144  0.996743
153  0.986971


----
User 017
004  0.952756
025  0.947507
041  0.963255
062  0.952756
085  0.994751
128  1
140  1
144  0.963255
153  0.952756


----
User 025
004  1
017  0.995781
041  1
062  1
085  0.995781
128  1
140  1
144  1
153  0.995781


----
User 041
004  0.994083
017  0.944773
025  0.928994
062  0.95069
085  0.934911
128  1
140  0.970414
144  0.974359
153  0.964497


----
User 062
004  0.970787
017  0.959551
025  0.961798
041  0.977528
085  0.955056
128  1
140  0.977528
144  1
153  0.968539


----
User 085
004  0.997333
017  0.997333
025  0.994667
041  0.997333
062  0.997333
128  1
140  1
144  0.997333
153  0.997333


----
User 128
004  0.959096
017  0.974166
025  0.956943
041  0.966631
062  0.963402
085  0.950484
140  0.977395
144  0.986006
153  0.964478


----
User 140
004  0.970492
017  0.963934
025  0.944262
041  0.983607
062  0.954098
085  0.937705
128  1
144  0.993443
153  0.977049


----
User 144
004  0.994565
017  0.964674
025  0.964674
041  0.994565
062  0.986413
085  0.94837
128  1
140  0.98913
153  0.972826


----
User 153
004  0.999015
017  0.997044
025  0.995074
041  1
062  0.995074
085  0.997044
128  1
140  0.99803
144  1



Media : 0.980756
Dev Std : 0.0197418
Dev Std norm: 0.0201292
