MATRICE DI SIMILARITA' - Prefisso: wx
----
User 004
017  0
025  0
041  0.5
062  0.4
085  0
128  0
140  0.25
144  0.2
153  0


----
User 017
004  0
025  0.25
041  0.5
062  0.4
085  0.2
128  -0.333333
140  0.25
144  0.4
153  0.5


----
User 025
004  0
017  0.25
041  0.25
062  0.4
085  0
128  0
140  0
144  0.2
153  0


----
User 041
004  0.5
017  0.5
025  0.25
062  -0.2
085  0.2
128  -0.25
140  -0.25
144  -0.2
153  0


----
User 062
004  0.4
017  0.4
025  0.4
041  -0.2
085  0.2
128  -0.2
140  0
144  -0.2
153  0


----
User 085
004  0
017  0.2
025  0
041  0.2
062  0.2
128  0
140  0
144  -0.2
153  0.2


----
User 128
004  0
017  -0.333333
025  0
041  -0.25
062  -0.2
085  0
140  0
144  -0.2
153  -0.25


----
User 140
004  0.25
017  0.25
025  0
041  -0.25
062  0
085  0
128  0
144  0
153  0


----
User 144
004  0.2
017  0.4
025  0.2
041  -0.2
062  -0.2
085  -0.2
128  -0.2
140  0
153  0


----
User 153
004  0
017  0.5
025  0
041  0
062  0
085  0.2
128  -0.25
140  0
144  0



Media NCD: 0.067037
Dev Std NCD: 0.22193
Dev Std norm NCD: 3.31056

Media n stati: 3.94815
Dev Std n stati: 0.871937
Dev Std norm n stati: 0.220847
