CHECK DI SIMILARITA on training set' - Prefisso: w
----
User 003
004  0.993289
017  0.926174
030  0.936242
068  1
153  1
163  0.996644


----
User 004
003  0.916418
017  0.910448
030  0.997015
068  0.997015
153  1
163  0.919403


----
User 017
003  0.994709
004  0.994709
030  0.994709
068  0.994709
153  1
163  1


----
User 030
003  0.967972
004  0.996441
017  0.967972
068  0.996441
153  1
163  0.975089


----
User 068
003  0.989822
004  0.994911
017  0.979644
030  0.992366
153  1
163  0.992366


----
User 153
003  0.94375
004  0.95
017  0.90625
030  0.919643
068  0.953571
163  0.966964


----
User 163
003  0.93609
004  0.932331
017  0.919173
030  0.926692
068  0.941729
153  1



Media : 0.969541
Dev Std : 0.0322629
Dev Std norm: 0.0332765
