MATRICE DI SIMILARITA' - Prefisso: w
----
User 003
004  0.2
017  0.5
030  0
068  0.25
153  -0.25
163  0


----
User 004
003  0.2
017  0.4
030  -0.2
068  0
153  -0.2
163  0


----
User 017
003  0.5
004  0.4
030  0.2
068  0
153  -0.25
163  0


----
User 030
003  0
004  -0.2
017  0.2
068  0
153  -0.2
163  0


----
User 068
003  0.25
004  0
017  0
030  0
153  -0.25
163  0


----
User 153
003  -0.25
004  -0.2
017  -0.25
030  -0.2
068  -0.25
163  -0.25


----
User 163
003  0
004  0
017  0
030  0
068  0
153  -0.25



Media NCD: -0.00238095
Dev Std NCD: 0.209578
Dev Std norm NCD: -88.0227

Media n stati: 4.20635
Dev Std n stati: 0.646326
Dev Std norm n stati: 0.153655
