MATRICE DI SIMILARITA' - Prefisso: wx4
----
User 003
004  0.333333
017  -0.166667
030  0.166667
068  0.0833333
153  0.0833333
163  -0.25


----
User 004
003  0.333333
017  0.333333
030  0
068  0.333333
153  0.0909091
163  0.272727


----
User 017
003  -0.166667
004  0.333333
030  0.25
068  0
153  0.166667
163  0.0833333


----
User 030
003  0.166667
004  0
017  0.25
068  0.333333
153  0.272727
163  0.363636


----
User 068
003  0.0833333
004  0.333333
017  0
030  0.333333
153  -0.0833333
163  0


----
User 153
003  0.0833333
004  0.0909091
017  0.166667
030  0.272727
068  -0.0833333
163  -0.0909091


----
User 163
003  -0.25
004  0.272727
017  0.0833333
030  0.363636
068  0
153  -0.0909091



Media NCD: 0.122655
Dev Std NCD: 0.177569
Dev Std norm NCD: 1.44771

Media n stati: 11.0794
Dev Std n stati: 1.36046
Dev Std norm n stati: 0.122792
