
Prefissi lunghezza: 0
000 158
001 69
002 166
003 297
004 333
005 81
006 27
007 54
008 34
009 49
010 160
011 182
012 74
013 139
014 257
015 67
016 51
017 379
018 49
019 79
020 143
021 8
022 144
023 34
024 101
025 589
026 43
027 5
028 63
029 44
030 281
031 6
032 16
033 13
034 180
035 74
036 70
037 147
038 108
039 214
040 27
041 504
042 141
043 43
044 69
045 9
046 30
047 11
048 3
049 1
050 38
051 47
052 104
053 9
054 3
055 22
056 22
057 22
058 22
059 8
060 2
061 19
062 472
063 15
064 23
065 126
066 19
067 114
068 392
069 8
070 11
071 67
072 2
073 96
074 88
075 13
076 11
077 3
078 93
079 22
080 9
081 31
082 94
083 36
084 201
085 374
086 5
087 7
088 58
089 53
090 7
091 72
092 130
093 23
094 22
095 35
096 108
097 27
098 5
099 16
100 7
101 58
102 37
103 46
104 105
105 10
106 3
107 3
108 9
109 4
110 23
111 40
112 182
113 32
114 22
115 176
116 3
117 7
118 4
119 45
120 2
121 5
122 16
123 5
124 10
125 57
126 244
127 10
128 987
129 8
130 20
131 21
132 6
133 5
134 57
135 13
136 15
137 1
138 18
139 19
140 327
141 34
142 147
143 1
144 417
145 6
146 10
147 78
148 3
149 1
150 22
151 1
152 4
153 1145
154 29
155 42
156 2
157 13
158 14
159 13

Prefissi lunghezza: 1
000 158
001 69
002 166
003 298
004 335
005 81
006 27
007 54
008 34
009 49
010 164
011 182
012 74
013 139
014 257
015 67
016 51
017 379
018 49
019 79
020 145
021 8
022 144
023 34
024 101
025 639
026 43
027 5
028 63
029 44
030 281
031 6
032 16
033 13
034 180
035 74
036 70
037 148
038 108
039 214
040 27
041 505
042 142
043 43
044 69
045 9
046 30
047 11
048 3
049 1
050 38
051 48
052 105
053 9
054 3
055 22
056 22
057 22
058 22
059 8
060 2
061 19
062 513
063 15
064 23
065 126
066 19
067 114
068 393
069 8
070 11
071 67
072 2
073 96
074 88
075 13
076 11
077 3
078 93
079 22
080 9
081 31
082 94
083 36
084 201
085 374
086 5
087 7
088 58
089 53
090 7
091 73
092 131
093 23
094 22
095 35
096 108
097 27
098 5
099 16
100 7
101 59
102 37
103 46
104 105
105 10
106 3
107 3
108 9
109 4
110 23
111 41
112 182
113 32
114 22
115 177
116 3
117 7
118 4
119 45
120 2
121 5
122 16
123 5
124 10
125 57
126 244
127 10
128 1078
129 8
130 20
131 21
132 6
133 5
134 58
135 13
136 15
137 1
138 18
139 19
140 331
141 34
142 150
143 1
144 441
145 6
146 10
147 78
148 3
149 1
150 22
151 1
152 4
153 1184
154 29
155 42
156 2
157 13
158 14
159 13

Prefissi lunghezza: 2
000 158
001 69
002 166
003 302
004 338
005 81
006 29
007 54
008 34
009 49
010 221
011 182
012 78
013 141
014 257
015 67
016 51
017 382
018 51
019 79
020 145
021 12
022 144
023 39
024 101
025 646
026 44
027 5
028 63
029 44
030 283
031 6
032 16
033 13
034 180
035 74
036 70
037 149
038 109
039 215
040 27
041 508
042 144
043 43
044 69
045 9
046 30
047 11
048 3
049 1
050 38
051 48
052 112
053 9
054 3
055 23
056 22
057 22
058 22
059 8
060 2
061 19
062 544
063 15
064 23
065 126
066 23
067 120
068 395
069 8
070 13
071 67
072 2
073 96
074 89
075 14
076 11
077 3
078 93
079 22
080 9
081 31
082 94
083 36
084 204
085 375
086 5
087 7
088 58
089 53
090 7
091 76
092 130
093 23
094 22
095 35
096 108
097 27
098 5
099 19
100 7
101 59
102 37
103 46
104 105
105 10
106 3
107 3
108 9
109 4
110 23
111 44
112 182
113 32
114 22
115 177
116 3
117 7
118 4
119 46
120 2
121 5
122 16
123 5
124 14
125 59
126 244
127 13
128 1125
129 8
130 20
131 21
132 6
133 5
134 58
135 15
136 15
137 3
138 18
139 19
140 333
141 34
142 158
143 1
144 476
145 6
146 10
147 78
148 4
149 1
150 22
151 1
152 4
153 1208
154 29
155 42
156 2
157 13
158 14
159 14

Prefissi lunghezza: 3
000 161
001 69
002 176
003 326
004 344
005 81
006 30
007 59
008 34
009 49
010 328
011 186
012 96
013 148
014 272
015 69
016 51
017 401
018 52
019 82
020 145
021 20
022 144
023 56
024 121
025 704
026 49
027 5
028 66
029 45
030 304
031 8
032 16
033 13
034 185
035 74
036 76
037 153
038 111
039 235
040 27
041 577
042 154
043 43
044 72
045 9
046 31
047 11
048 4
049 2
050 39
051 58
052 124
053 10
054 3
055 24
056 22
057 22
058 22
059 8
060 2
061 22
062 594
063 15
064 23
065 128
066 30
067 137
068 404
069 10
070 15
071 76
072 2
073 97
074 98
075 15
076 11
077 3
078 95
079 23
080 9
081 31
082 96
083 37
084 229
085 411
086 6
087 7
088 59
089 67
090 7
091 98
092 139
093 23
094 22
095 36
096 109
097 27
098 6
099 31
100 7
101 64
102 37
103 46
104 108
105 10
106 3
107 3
108 10
109 4
110 24
111 61
112 186
113 32
114 22
115 190
116 3
117 7
118 8
119 46
120 4
121 5
122 17
123 5
124 22
125 68
126 259
127 20
128 2010
129 10
130 20
131 21
132 7
133 5
134 62
135 22
136 15
137 6
138 18
139 20
140 415
141 34
142 169
143 1
144 655
145 6
146 10
147 78
148 8
149 3
150 22
151 1
152 4
153 1362
154 29
155 42
156 2
157 18
158 14
159 19

Prefissi lunghezza: 4
000 256
001 79
002 412
003 638
004 584
005 105
006 61
007 73
008 49
009 51
010 1099
011 229
012 198
013 206
014 511
015 79
016 69
017 1150
018 108
019 127
020 158
021 51
022 240
023 164
024 409
025 1121
026 92
027 8
028 81
029 73
030 423
031 13
032 22
033 22
034 280
035 76
036 151
037 319
038 189
039 448
040 48
041 1100
042 312
043 60
044 110
045 11
046 78
047 11
048 12
049 8
050 112
051 100
052 344
053 9
054 6
055 32
056 25
057 34
058 27
059 8
060 2
061 27
062 960
063 17
064 50
065 154
066 102
067 288
068 594
069 12
070 20
071 136
072 2
073 102
074 170
075 21
076 22
077 5
078 111
079 48
080 10
081 46
082 166
083 55
084 532
085 661
086 10
087 7
088 88
089 114
090 12
091 148
092 224
093 23
094 34
095 47
096 136
097 34
098 9
099 54
100 7
101 76
102 39
103 66
104 159
105 27
106 15
107 3
108 19
109 5
110 33
111 128
112 229
113 48
114 23
115 299
116 3
117 8
118 33
119 70
120 17
121 15
122 29
123 9
124 93
125 166
126 453
127 57
128 4119
129 14
130 34
131 72
132 19
133 6
134 89
135 71
136 19
137 45
138 22
139 30
140 784
141 40
142 276
143 1
144 1569
145 8
146 10
147 82
148 38
149 13
150 34
151 3
152 4
153 2475
154 29
155 69
156 15
157 32
158 21
159 57

Prefissi lunghezza: 5
000 950
001 253
002 585
003 2615
004 2324
005 316
006 145
007 206
008 108
009 85
010 4159
011 330
012 744
013 366
014 1238
015 311
016 202
017 3112
018 222
019 212
020 268
021 121
022 659
023 730
024 1754
025 2643
026 327
027 20
028 443
029 202
030 1895
031 45
032 92
033 96
034 616
035 477
036 417
037 851
038 391
039 1331
040 74
041 3364
042 775
043 261
044 285
045 41
046 136
047 16
048 56
049 35
050 360
051 257
052 1141
053 13
054 8
055 76
056 61
057 54
058 83
059 26
060 2
061 63
062 2128
063 60
064 132
065 326
066 386
067 897
068 1875
069 36
070 48
071 428
072 6
073 151
074 445
075 55
076 51
077 20
078 249
079 72
080 21
081 120
082 452
083 93
084 1551
085 1439
086 29
087 8
088 128
089 288
090 24
091 232
092 430
093 25
094 54
095 99
096 346
097 47
098 25
099 133
100 13
101 136
102 60
103 95
104 424
105 70
106 80
107 3
108 46
109 12
110 102
111 386
112 334
113 104
114 106
115 978
116 6
117 16
118 92
119 154
120 88
121 30
122 145
123 25
124 469
125 591
126 1282
127 207
128 9254
129 37
130 86
131 227
132 74
133 13
134 141
135 286
136 45
137 189
138 39
139 71
140 2013
141 93
142 828
143 3
144 4603
145 28
146 10
147 132
148 181
149 66
150 54
151 4
152 21
153 6686
154 59
155 143
156 44
157 59
158 33
159 257

Prefissi lunghezza: 6
000 2901
001 853
002 1740
003 7691
004 7553
005 1124
006 656
007 1179
008 589
009 592
010 14990
011 837
012 2711
013 1278
014 4861
015 1155
016 908
017 12884
018 771
019 700
020 580
021 144
022 3263
023 2583
024 6192
025 7634
026 1623
027 69
028 1751
029 713
030 5762
031 197
032 450
033 752
034 2122
035 1590
036 2179
037 2946
038 2267
039 4146
040 593
041 13759
042 2574
043 970
044 1205
045 168
046 576
047 39
048 302
049 164
050 1657
051 731
052 4370
053 31
054 84
055 267
056 148
057 180
058 191
059 69
060 2
061 208
062 5770
063 189
064 582
065 1021
066 1337
067 4111
068 7997
069 137
070 222
071 1656
072 10
073 361
074 1763
075 233
076 123
077 40
078 764
079 277
080 69
081 367
082 2276
083 313
084 6324
085 5334
086 69
087 12
088 289
089 708
090 61
091 499
092 972
093 43
094 180
095 352
096 1224
097 88
098 54
099 126
100 24
101 394
102 118
103 344
104 1011
105 131
106 233
107 23
108 70
109 29
110 266
111 1260
112 887
113 426
114 377
115 3153
116 6
117 32
118 218
119 740
120 417
121 70
122 676
123 131
124 2250
125 1775
126 4240
127 777
128 22511
129 119
130 421
131 898
132 247
133 63
134 319
135 1509
136 93
137 512
138 103
139 121
140 6815
141 249
142 2604
143 22
144 11713
145 88
146 37
147 334
148 921
149 265
150 180
151 5
152 83
153 23872
154 161
155 455
156 206
157 173
158 101
159 723

Prefissi lunghezza: 7
000 7049
001 3626
002 7891
003 15441
004 16537
005 3497
006 1689
007 3605
008 2584
009 2762
010 28547
011 2997
012 5555
013 5989
014 11582
015 3352
016 3431
017 26938
018 2688
019 2475
020 2748
021 208
022 11751
023 3133
024 7216
025 17325
026 5927
027 479
028 5213
029 2866
030 19114
031 867
032 1257
033 2791
034 7725
035 4610
036 8342
037 7408
038 6818
039 7613
040 2079
041 27100
042 7710
043 3564
044 3634
045 634
046 1440
047 128
048 538
049 200
050 6449
051 1045
052 9006
053 72
054 221
055 893
056 372
057 336
058 468
059 325
060 6
061 359
062 11476
063 670
064 2117
065 3104
066 2187
067 10513
068 23833
069 360
070 1125
071 4604
072 22
073 1075
074 5066
075 849
076 119
077 152
078 2326
079 790
080 116
081 1401
082 6555
083 1148
084 12094
085 15796
086 103
087 27
088 954
089 1462
090 53
091 742
092 2586
093 177
094 336
095 1022
096 5131
097 242
098 121
099 87
100 120
101 767
102 443
103 1285
104 2067
105 237
106 290
107 51
108 61
109 76
110 439
111 1296
112 2759
113 1077
114 846
115 5243
116 56
117 57
118 172
119 3489
120 792
121 264
122 2538
123 390
124 6293
125 2907
126 11834
127 1064
128 27456
129 345
130 1647
131 3097
132 789
133 327
134 440
135 2382
136 190
137 420
138 299
139 168
140 10191
141 1059
142 6575
143 68
144 17351
145 380
146 62
147 1384
148 1515
149 327
150 336
151 22
152 344
153 58056
154 374
155 1675
156 820
157 333
158 401
159 1417

Prefissi lunghezza: 8
000 7635
001 4572
002 11907
003 17855
004 15426
005 6956
006 2194
007 5441
008 4607
009 6394
010 10955
011 5243
012 5007
013 11580
014 2717
015 5505
016 4370
017 4213
018 1667
019 1826
020 7761
021 97
022 26572
023 5142
024 6936
025 23531
026 5114
027 1220
028 4298
029 3797
030 20133
031 1184
032 2439
033 4099
034 3195
035 4421
036 11811
037 7597
038 11479
039 11116
040 4297
041 3876
042 9658
043 3670
044 4533
045 578
046 1028
047 48
048 335
049 57
050 9810
051 1106
052 15125
053 32
054 492
055 2262
056 224
057 121
058 757
059 743
060 7
061 97
062 12934
063 932
064 3193
065 6107
066 2755
067 11972
068 29731
069 917
070 2419
071 4868
072 21
073 2779
074 4794
075 2262
076 36
077 371
078 3865
079 378
080 45
081 2448
082 7495
083 2317
084 12962
085 20629
086 46
087 33
088 2069
089 1424
090 32
091 770
092 4353
093 669
094 121
095 2308
096 9347
097 49
098 70
099 32
100 418
101 1057
102 599
103 2268
104 2456
105 122
106 57
107 31
108 32
109 80
110 458
111 120
112 5548
113 811
114 557
115 3869
116 170
117 45
118 46
119 5756
120 357
121 409
122 4465
123 652
124 1468
125 3800
126 13948
127 940
128 33715
129 917
130 2698
131 1560
132 913
133 639
134 192
135 1914
136 82
137 268
138 98
139 56
140 8796
141 2903
142 6455
143 267
144 10361
145 701
146 32
147 2233
148 801
149 544
150 121
151 88
152 644
153 41623
154 125
155 2270
156 910
157 88
158 692
159 3045

Prefissi lunghezza: 9
000 4396
001 2397
002 4283
003 10895
004 7749
005 3967
006 1073
007 2701
008 1519
009 2596
010 7518
011 1544
012 1916
013 8518
014 110
015 1893
016 2165
017 139
018 53
019 54
020 6154
021 32
022 15236
023 3100
024 6003
025 10487
026 2530
027 759
028 3017
029 1060
030 6017
031 316
032 1151
033 2024
034 87
035 6506
036 5051
037 2622
038 5362
039 6083
040 3069
041 208
042 4344
043 2587
044 2213
045 312
046 657
047 32
048 299
049 46
050 8453
051 264
052 12493
053 32
054 51
055 2507
056 146
057 32
058 783
059 783
060 7
061 32
062 4658
063 618
064 2566
065 3620
066 1448
067 8523
068 17158
069 1137
070 1190
071 2732
072 20
073 1848
074 3806
075 2507
076 32
077 32
078 2553
079 256
080 32
081 1666
082 4310
083 1782
084 9244
085 16029
086 32
087 29
088 763
089 582
090 32
091 301
092 2168
093 734
094 32
095 2351
096 8063
097 32
098 32
099 32
100 455
101 368
102 238
103 1435
104 1148
105 32
106 32
107 30
108 32
109 39
110 101
111 32
112 2673
113 666
114 235
115 1475
116 126
117 31
118 32
119 4239
120 175
121 298
122 2072
123 470
124 650
125 2309
126 9401
127 456
128 15080
129 1137
130 182
131 75
132 1275
133 275
134 55
135 773
136 32
137 196
138 32
139 32
140 4400
141 3818
142 4576
143 222
144 6545
145 662
146 31
147 1638
148 339
149 446
150 32
151 138
152 312
153 22840
154 32
155 1024
156 388
157 32
158 260
159 1538

Prefissi lunghezza: 10
000 1861
001 1355
002 1547
003 4563
004 3351
005 1495
006 286
007 1102
008 633
009 932
010 3523
011 239
012 763
013 2667
014 72
015 688
016 1150
017 88
018 38
019 42
020 3013
021 32
022 4813
023 1155
024 4984
025 1760
026 1311
027 455
028 1867
029 482
030 2371
031 159
032 380
033 666
034 55
035 9893
036 1427
037 630
038 2235
039 3583
040 1279
041 109
042 1644
043 1791
044 1011
045 158
046 396
047 32
048 166
049 44
050 975
051 104
052 6471
053 32
054 33
055 1600
056 59
057 32
058 252
059 252
060 7
061 32
062 944
063 262
064 1186
065 1765
066 563
067 3353
068 6839
069 351
070 612
071 1201
072 21
073 513
074 1790
075 1600
076 32
077 32
078 896
079 255
080 32
081 695
082 2111
083 308
084 4566
085 6682
086 32
087 27
088 135
089 252
090 32
091 84
092 443
093 68
094 32
095 597
096 4720
097 32
098 32
099 32
100 133
101 82
102 87
103 418
104 221
105 32
106 32
107 30
108 32
109 34
110 49
111 32
112 491
113 684
114 186
115 373
116 41
117 32
118 32
119 1679
120 63
121 161
122 795
123 246
124 498
125 1058
126 4101
127 242
128 2599
129 351
130 44
131 37
132 601
133 96
134 41
135 465
136 32
137 103
138 32
139 32
140 1734
141 1148
142 1821
143 98
144 4516
145 307
146 32
147 575
148 76
149 103
150 32
151 80
152 141
153 9598
154 32
155 433
156 241
157 32
158 118
159 549