CHECK DI SIMILARITA on training set' - Prefisso: wx4e
----
User 004
017  0.304348
025  0.613272
041  0.491991
062  0.784897
085  0.201373
128  0.423341
140  0.116705
144  0.627002
153  0.208238


----
User 017
004  0.769103
025  0.60299
041  0.498339
062  0.744186
085  0.539867
128  0.825581
140  0.641196
144  0.607973
153  0.501661


----
User 025
004  0.232381
017  0.708571
041  0.561905
062  0.958095
085  0.2
128  0.893333
140  0.666667
144  0.337143
153  0.718095


----
User 041
004  0.5
017  0.37156
025  0.40367
062  0.472477
085  0.454128
128  0.697248
140  0.389908
144  0.738532
153  0.545872


----
User 062
004  0.277559
017  0.746063
025  0.935039
041  0.582677
085  0.322835
128  0.927165
140  0.694882
144  0.344488
153  0.742126


----
User 085
004  0.525547
017  0.610706
025  0.676399
041  0.291971
062  0.479319
128  0.987835
140  0.318735
144  0.647202
153  0.613139


----
User 128
004  0.470992
017  0.717827
025  0.436709
041  0.361287
062  0.502637
085  0.571203
140  0.315928
144  0.452532
153  0.617089


----
User 140
004  0.895238
017  0.957143
025  0.861905
041  0.133333
062  0.9
085  0.909524
128  0.990476
144  0.904762
153  0.890476


----
User 144
004  0.773585
017  0.783019
025  0.745283
041  0.698113
062  0.849057
085  0.688679
128  0.990566
140  0.462264
153  0.650943


----
User 153
004  0.708333
017  0.962121
025  0.856061
041  0.30303
062  0.924242
085  0.806818
128  0.992424
140  0.791667
144  0.871212



Media : 0.620242
Dev Std : 0.230563
Dev Std norm: 0.371731
