MATRICE DI SIMILARITA' - Prefisso: wx4e
----
User 004
017  0.125
025  -0.285714
041  0.125
062  -0.125
085  0.0625
128  -0.0625
140  0.125
144  -0.0625
153  0.4375


----
User 017
004  0.125
025  -0.047619
041  0.307692
062  0
085  -0.125
128  0
140  0.0666667
144  -0.285714
153  0.307692


----
User 025
004  -0.285714
017  -0.047619
041  0.190476
062  -0.0952381
085  -0.333333
128  0
140  -0.142857
144  -0.238095
153  0.190476


----
User 041
004  0.125
017  0.307692
025  0.190476
062  0.416667
085  0.0625
128  0.5
140  0.0666667
144  0.214286
153  0.25


----
User 062
004  -0.125
017  0
025  -0.0952381
041  0.416667
085  0.3125
128  0
140  0.266667
144  0.642857
153  0.25


----
User 085
004  0.0625
017  -0.125
025  -0.333333
041  0.0625
062  0.3125
128  0.0625
140  0
144  0
153  0.1875


----
User 128
004  -0.0625
017  0
025  0
041  0.5
062  0
085  0.0625
140  -0.0666667
144  -0.0714286
153  0.5


----
User 140
004  0.125
017  0.0666667
025  -0.142857
041  0.0666667
062  0.266667
085  0
128  -0.0666667
144  -0.133333
153  0.333333


----
User 144
004  -0.0625
017  -0.285714
025  -0.238095
041  0.214286
062  0.642857
085  0
128  -0.0714286
140  -0.133333
153  0.571429


----
User 153
004  0.4375
017  0.307692
025  0.190476
041  0.25
062  0.25
085  0.1875
128  0.5
140  0.333333
144  0.571429



Media NCD: 0.099998
Dev Std NCD: 0.23091
Dev Std norm NCD: 2.30915

Media n stati: 13.5407
Dev Std n stati: 3.17108
Dev Std norm n stati: 0.234188
