MATRICE DI SIMILARITA' - Prefisso: wx4g
----
User 004
017  0.111111
025  0.142857
041  0.1
062  0.0833333
085  0.4
128  0.2
140  0.625
144  0.416667
153  0.333333


----
User 017
004  0.111111
025  0.222222
041  0.2
062  -0.166667
085  -0.3
128  -0.1
140  1
144  0
153  -0.222222


----
User 025
004  0.142857
017  0.222222
041  0.4
062  0
085  0.1
128  0.3
140  0.125
144  0.166667
153  0.222222


----
User 041
004  0.1
017  0.2
025  0.4
062  -0.166667
085  0
128  -0.3
140  0.3
144  -0.0833333
153  -0.2


----
User 062
004  0.0833333
017  -0.166667
025  0
041  -0.166667
085  -0.166667
128  0.25
140  0
144  -0.166667
153  -0.166667


----
User 085
004  0.4
017  -0.3
025  0.1
041  0
062  -0.166667
128  -0.2
140  0.1
144  0.0833333
153  -0.2


----
User 128
004  0.2
017  -0.1
025  0.3
041  -0.3
062  0.25
085  -0.2
140  -0.1
144  -0.166667
153  -0.4


----
User 140
004  0.625
017  1
025  0.125
041  0.3
062  0
085  0.1
128  -0.1
144  0.166667
153  -0.222222


----
User 144
004  0.416667
017  0
025  0.166667
041  -0.0833333
062  -0.166667
085  0.0833333
128  -0.166667
140  0.166667
153  0


----
User 153
004  0.333333
017  -0.222222
025  0.222222
041  -0.2
062  -0.166667
085  -0.2
128  -0.4
140  -0.222222
144  0



Media NCD: 0.0604586
Dev Std NCD: 0.264673
Dev Std norm NCD: 4.37776

Media n stati: 9.0963
Dev Std n stati: 1.95078
Dev Std norm n stati: 0.214459
