CHECK DI SIMILARITA on training set' - Prefisso: wx4g
----
User 004
017  0.761905
025  0.952381
041  0.833333
062  0.714286
085  0.714286
128  0.97619
140  0.904762
144  0.690476
153  1


----
User 017
004  0.835165
025  0.898352
041  0.71978
062  0.648352
085  0.417582
128  1
140  0.945055
144  0.684066
153  0.956044


----
User 025
004  0.835938
017  0.765625
041  0.6875
062  0.695312
085  0.453125
128  1
140  0.8125
144  0.820312
153  0.984375


----
User 041
004  0.636364
017  0.753247
025  0.753247
062  0.467532
085  0.649351
128  0.987013
140  0.779221
144  0.844156
153  0.974026


----
User 062
004  0.656442
017  0.662577
025  0.883436
041  0.625767
085  0.417178
128  1
140  0.754601
144  0.889571
153  0.97546


----
User 085
004  0.308411
017  0.345794
025  0.345794
041  0.308411
062  0.88785
128  0.981308
140  0.383178
144  0.953271
153  0.364486


----
User 128
004  0.676248
017  0.804841
025  0.74584
041  0.487141
062  0.751891
085  0.441755
140  0.850227
144  0.869894
153  0.927383


----
User 140
004  0.597222
017  0.767361
025  0.743056
041  0.444444
062  0.697917
085  0.25
128  0.909722
144  0.892361
153  0.944444


----
User 144
004  0.39265
017  0.686654
025  0.425532
041  0.574468
062  0.466151
085  0.305609
128  0.83559
140  0.905222
153  0.924565


----
User 153
004  0.47351
017  0.370861
025  0.700662
041  0.396689
062  0.683444
085  0.184768
128  0.957616
140  0.434437
144  0.916556



Media : 0.708124
Dev Std : 0.219052
Dev Std norm: 0.309341
