32
$ 0 1 2 3 4 5 6 7 8 9 b c d e f g h j k m n p q r s t u v w x y z 
+ 40 0
+ 1 0 1
+ 1 0 1 0
+ 1 0 1 0 1 0 1 0 2 3 2 8 2 3 2 3
+ 1 0 1 0 1 4
+ 2 0 1 3 6 3
+ 1 0 1 3 6 d e g u
+ 9 0 1 4
+ 1 0 1 4 6 3 6 3
+ 1 0 1 4 6 3 6 3 2 8 2 3
+ 1 0 1 4 6 d
+ 5 0 2
+ 1 0 2 0 1 4
+ 3 0 2 3
+ 6 0 2 3 2
+ 1 0 2 3 2 3 2
+ 1 0 2 3 6 3
+ 1 0 2 8
+ 1 0 3 2 3
+ 9 0 4
+ 1 0 4 6 3 6 4
+ 1 0 9
+ 12 1
+ 4 1 0
+ 1 1 0 1 0 1 0 1 0 1 4 6 3
+ 1 1 0 1 0 1 0 1 2 3
+ 1 1 0 1 0 1 4 1 4 1 4 1 4 1 4 1 4 1 4 1 4 1 3 9
+ 1 1 0 1 4
+ 1 1 0 2 3
+ 2 1 3
+ 2 1 3 2
+ 1 1 3 2 3 2 3
+ 1 1 3 6 3
+ 1 1 3 9 3
+ 12 1 4
+ 1 1 4 1 0 1 4 1 4 1 4 1 4 1 3
+ 3 1 4 1 4
+ 2 1 4 1 4 1 4
+ 2 1 4 1 4 1 4 1 4
+ 1 1 4 1 4 1 4 1 4 1 4 1 4
+ 1 1 4 1 4 1 4 6 3 6 3 6 3
+ 2 1 4 1 4 6 3 6 3
+ 1 1 4 1 9 3 9 3
+ 1 1 4 6 3
+ 1 1 4 6 3 2
+ 10 1 4 6 3 6 3
+ 1 1 4 6 3 6 3 6 d 6 d 6 3
+ 75 2
+ 1 2 0 1 4
+ 1 2 0 2
+ 39 2 3
+ 2 2 3 1
+ 1 2 3 1 4 6 3 6 3
+ 1 2 3 1 4 6 4
+ 10 2 3 2
+ 1 2 3 2 3 2 3 2
+ 1 2 3 2 3 2 3 6 d e s u v t v
+ 1 2 3 2 3 9 3
+ 1 2 3 2 8
+ 4 2 3 6
+ 9 2 3 6 3
+ 1 2 3 6 3 6 4
+ 1 2 3 6 3 6 d 6
+ 22 2 3 6 4
+ 1 2 3 6 4 1 4
+ 1 2 3 6 4 1 4 1
+ 1 2 3 6 4 1 4 1 4 1 4 1 4 1 4
+ 1 2 3 6 4 6 3
+ 1 2 3 6 4 6 d e d 6 4
+ 1 2 3 6 7 e 7 6 d 6 3
+ 1 2 3 6 7 e d 6 d 6 4 5 4
+ 1 2 3 6 d e
+ 1 2 3 6 d e s u v t v
+ 2 2 3 6 d e s u v t v u v
+ 2 2 3 9 3
+ 1 2 3 9 c 9 3 6 3
+ 1 2 3 9 d e s u v
+ 2 2 3 9 d f
+ 1 2 6 3 6 4 6 3 9 3 6 4
+ 3 2 8
+ 1 2 8 2
+ 251 3
+ 3 3 1
+ 1 3 1 3
+ 1 3 1 3 1 3 6
+ 1 3 1 3 9 d 6 3 1
+ 2 3 1 4 1
+ 1 3 1 4 1 4
+ 22 3 2
+ 2 3 2 3
+ 1 3 2 3 6 4 1 4 1 4 6 4 6 4 6 3
+ 1 3 2 3 9 3 9 3
+ 3 3 2 8
+ 1 3 2 8 9 8 2 3 6 d 3 9 8 2
+ 1 3 2 8 9 8 9 8 9 c 9 c 9 c 9 d 6 3
+ 1 3 4
+ 2 3 4 1
+ 2 3 4 1 4
+ 1 3 4 1 4 1 4 1
+ 1 3 4 6 3 6 3 6 4 1 4 1 4 1 4 1
+ 4 3 6
+ 7 3 6 3
+ 1 3 6 3 1
+ 1 3 6 3 1 0
+ 1 3 6 3 1 0 9 3
+ 1 3 6 3 1 3 6 3
+ 1 3 6 3 1 3 6 3 6
+ 2 3 6 3 2
+ 1 3 6 3 6 3 6 3
+ 1 3 6 3 6 3 6 3 6 d 6 d 6 d 6 d 6 3
+ 1 3 6 3 6 4
+ 10 3 6 3 6 4 1
+ 1 3 6 3 6 4 1 0 1 0 1 3 6 3
+ 1 3 6 3 6 4 1 0 1 3 6 3
+ 1 3 6 3 6 4 1 3
+ 2 3 6 3 6 4 1 4
+ 2 3 6 3 6 4 1 4 1
+ 1 3 6 3 6 4 1 4 1 0 1 4 6 3 6 3
+ 1 3 6 3 6 4 1 4 1 4 1 4
+ 2 3 6 3 6 4 1 4 1 4 1 4 1 4 1
+ 1 3 6 3 6 4 1 4 1 4 1 4 1 4 6 3 6 3 6 d
+ 1 3 6 3 6 4 1 4 1 4 6 3 6 3
+ 3 3 6 3 6 4 1 4 6 3 6 3
+ 1 3 6 3 6 4 1 4 6 3 6 3 6 3 6 4 1 4 1 4 1 4 1 4 6 3 6 3 6 3 6 4 1 4 1 0
+ 2 3 6 3 6 d 6 3
+ 1 3 6 3 6 d 9 3 6 d 6 d 6 d 9 3
+ 1 3 6 3 6 d e d 6 3 6 4 1 0 1 0 1 4 6 3 6 3
+ 2 3 6 3 9 3
+ 1 3 6 3 9 3 9 8 9 8 9 3
+ 7 3 6 4
+ 1 3 6 4 1
+ 1 3 6 4 1 0
+ 2 3 6 4 1 4
+ 1 3 6 4 1 4 6 3 6 3
+ 1 3 6 4 1 4 6 3 6 3 6 d 6 d 6 d 6 3
+ 1 3 6 7 e 7 6 d 6 3
+ 1 3 6 d
+ 3 3 6 d 6
+ 4 3 6 d 6 3
+ 1 3 6 d 6 3 1
+ 1 3 6 d 6 3 6 4 1 4 6 3 6 3
+ 1 3 6 d 6 7 e 7 6 d 6 3
+ 1 3 6 d 6 7 e 7 6 d e d 9 c 9 3
+ 1 3 6 d 6 7 e 7 e 7 e 7 e 7 6 3
+ 1 3 6 d 6 7 e d 6 d 6 3 2
+ 1 3 6 d 6 d
+ 1 3 6 d 6 d 6
+ 8 3 6 d 6 d 6 3
+ 1 3 6 d 6 d 6 3 2
+ 1 3 6 d 6 d 6 3 9 3 6 3 6 4 1 0 1 3 6 3
+ 2 3 6 d 6 d 6 d 6 3
+ 17 3 6 d 9
+ 1 3 6 d 9 3
+ 1 3 6 d 9 8
+ 1 3 6 d 9 c b
+ 1 3 6 d 9 d 6 3
+ 4 3 6 d e s u
+ 6 3 6 d e s u v t v
+ 54 3 9
+ 25 3 9 3
+ 1 3 9 3 1
+ 1 3 9 3 2
+ 1 3 9 3 2 3 2 0
+ 1 3 9 3 4 1
+ 2 3 9 3 6 3
+ 1 3 9 3 6 3 6 3 6 3 6 3
+ 3 3 9 3 6 4
+ 1 3 9 3 6 4 1 4 1 3
+ 1 3 9 3 6 d 6 3
+ 1 3 9 3 6 d 6 7 e 7 6 3 2
+ 2 3 9 3 9
+ 4 3 9 8
+ 1 3 9 8 2
+ 1 3 9 8 2 8 9 8 2
+ 1 3 9 8 9 8 9 3 6 4 1
+ 1 3 9 8 9 8 9 d 6 d 6 3
+ 1 3 9 b 8 9 3
+ 1 3 9 c
+ 1 3 9 c 9
+ 1 3 9 c 9 3 1
+ 1 3 9 c 9 3 6 4 1 4 6 3 6 3
+ 1 3 9 c 9 d
+ 1 3 9 c b
+ 1 3 9 c b 8 9 8 9 8 2 3 2
+ 1 3 9 c b 8 9 8 9 8 9 3
+ 1 3 9 d
+ 4 3 9 d 6 3
+ 1 3 9 d 6 3 2
+ 1 3 9 d 6 3 6 9 3 6 d 6 d 6 3
+ 1 3 9 d 6 d
+ 3 3 9 d 9
+ 1 3 9 d 9 3
+ 1 3 9 d 9 3 1 3
+ 1 3 9 d 9 8 9 8 9 3
+ 1 3 9 d e s u v t v
+ 1 3 c 9 3 1 4 1 4 1 3
+ 311 4
+ 6 4 0
+ 1 4 0 1 0 1 0 1 0 1 0 1 0 1 0 1 0 1 0 1 0 1 0 1 0 1 0 1 0 1 0 1 0 1 0 1 0 1 0 1 0 1 0 1 0 1 0 1 0 1 0 1 0 1 0 1 0 1 0 1 0 1 0 1 0 1 0 1 0 1 0 1 0 1 0 1 0 1 0 1 0 1 0 4
+ 2 4 0 4
+ 10 4 1
+ 6 4 1 0
+ 1 4 1 0 1 0 1 0
+ 1 4 1 0 1 0 1 4
+ 1 4 1 0 1 0 4
+ 2 4 1 0 2
+ 1 4 1 0 2 0 1 4
+ 2 4 1 3
+ 1 4 1 3 6
+ 20 4 1 4
+ 1 4 1 4 0
+ 15 4 1 4 1
+ 1 4 1 4 1 0
+ 2 4 1 4 1 3
+ 9 4 1 4 1 4
+ 10 4 1 4 1 4 1
+ 3 4 1 4 1 4 1 4
+ 2 4 1 4 1 4 1 4 1
+ 1 4 1 4 1 4 1 4 1 4 1
+ 1 4 1 4 1 4 1 4 1 4 1 4 1 4 1 4
+ 1 4 1 4 1 4 1 4 1 4 1 4 1 4 1 4 1 4 1 4 3 9 3 6 4
+ 1 4 1 4 1 4 1 4 1 4 1 4 1 4 1 4 6 4
+ 1 4 1 4 1 4 1 4 6 3 6 3
+ 1 4 1 4 1 4 1 4 6 3 6 4
+ 2 4 1 4 6 3
+ 2 4 1 4 6 3 6 3
+ 1 4 1 4 6 3 6 3 9 3 2 3 9 3 9 3 9 d 6 3 6 4
+ 1 4 1 4 6 3 9 8
+ 1 4 2 3 6 4
+ 1 4 2 8 4 1 4 1 4 1 4
+ 2 4 3
+ 1 4 3 2
+ 1 4 3 2 8
+ 1 4 3 9 c 9 d f
+ 9 4 6
+ 6 4 6 3
+ 1 4 6 3 1
+ 1 4 6 3 1 4
+ 24 4 6 3 2
+ 1 4 6 3 2 3 6 4
+ 1 4 6 3 2 8
+ 1 4 6 3 2 8 2 3 6 3 6 3 6 4
+ 2 4 6 3 6
+ 10 4 6 3 6 3
+ 1 4 6 3 6 3 1 4 1 4
+ 1 4 6 3 6 3 6 4
+ 1 4 6 3 6 3 6 d 6
+ 1 4 6 3 6 3 6 d 6 d 6
+ 1 4 6 3 6 3 9 3 6 4
+ 1 4 6 3 6 3 9 d
+ 10 4 6 3 6 4
+ 2 4 6 3 6 4 1 0
+ 1 4 6 3 6 4 6 3 6 4
+ 1 4 6 3 6 d 6 3 2
+ 1 4 6 3 6 d 6 4
+ 1 4 6 3 9 3 1 4
+ 1 4 6 3 9 3 2 3 6 4
+ 1 4 6 3 9 3 4 1 4
+ 1 4 6 3 9 3 6 3 6 4
+ 1 4 6 3 9 3 6 3 9
+ 4 4 6 3 9 3 6 4
+ 1 4 6 3 9 3 6 4 1 4
+ 1 4 6 3 9 3 6 4 6 3 6 3 9 3 6 4
+ 1 4 6 3 9 3 6 d 6 3 9 3 6 4
+ 1 4 6 3 9 3 6 d 6 d 6 4
+ 1 4 6 3 9 3 9 3 6 4
+ 4 4 6 4
+ 1 4 6 4 1 4 6 3 9 d 6 4
+ 1 4 6 4 6 4
+ 1 4 6 7 e d 6 4 6 3 2
+ 1 4 6 d
+ 1 4 6 d 6 4
+ 1 4 6 d 9 8 9 8 2
+ 2 4 6 d e
+ 1 4 6 d e d 6
+ 1 4 6 d e d 6 3
+ 6 4 6 d e d 6 4
+ 1 4 6 d e d 6 4 0 4
+ 1 4 6 d e d 6 d 6 d 9 d 6 4
+ 2 4 6 d e d e d 6 4
+ 1 4 6 d e g u g
+ 1 4 6 d e s u v
+ 1 4 6 d e s u v t v
+ 1 4 6 e d 6 3
+ 1 4 8 2 8 2 8 4 1 4
+ 1 5 4 6 3 9 3
+ 1 5 7 e d 9 3 6 d 3
+ 2 6
+ 3 6 3
+ 1 6 3 1 3 6 4
+ 1 6 3 6 3
+ 2 6 3 6 3 6
+ 1 6 3 6 4
+ 8 6 4
+ 1 6 4 6
+ 1 6 9
+ 1 6 d 6 3
+ 1 6 d 6 3 6 d 6 d 6 3
+ 1 6 u
+ 2 8 2
+ 4 8 2 3
+ 1 8 2 8
+ 1 8 2 8 2
+ 1 8 2 8 4
+ 4 8 9 3
+ 1 8 9 8 9 8 9 3
+ 1 8 9 d 6 3
+ 1 8 9 d e s u v t v t v u s u s e d 6 3 2
+ 12 9
+ 26 9 3
+ 1 9 3 6 3
+ 1 9 3 6 3 6 4 1 4 1 4 1 4 1 3
+ 1 9 3 6 d 6 d 6 3
+ 1 9 3 6 d 9 3
+ 1 9 3 9 3 4
+ 1 9 8
+ 1 9 8 b 8 9 c 9 c 9 8 9 8 2 4 1 0 1 4
+ 1 9 c 9 c 9 3
+ 1 9 c 9 c 9 c 9 d 6 3
+ 2 9 c b
+ 40 9 d 6 3
+ 1 9 d 6 3 9 3
+ 1 9 d 6 3 9 c 9 8 9 d 6 d 6 3
+ 1 9 d 6 d
+ 4 9 d 9 3
+ 1 9 d 9 3 6 4 1 4 1
+ 1 9 d e s u
+ 1 9 d f
+ 1 b 8 9 3 9 3
+ 1 b c 9
+ 1 b c 9 3 6 d 9 d 6 3 1 4 3
+ 1 c 9 3 2 3
+ 2 d
+ 1 d 3
+ 1 d 6 3
+ 1 d 6 3 9 3 9 c 9 3
+ 1 d 6 4
+ 4 d 9
+ 2 e d 6 4
+ 1 e s e d 6 3 2
+ 1 e s u v
+ 1 f d 9 3 2
+ 1 f d 9 8 9 8 2 4
+ 1 f g e d 6 4
+ 1 j h 5 4
+ 1 s e d 6 3 2
+ 5 u
+ 1 u g e d 6 3 1 0 1 0 4
+ 1 u s e
+ 3 u s e d 6 3
+ 1 u s e d 6 3 2
+ 1 u v
+ 10 v
+ 1 v t v u s u s
+ 1 v t v u s u s e d 6 3 6 d 6 3
+ 1 v t v u s u s e d 6 3 9 3 2
+ 1 v u
+ 1 v u s u s e d 6 3 2
- 2 0 1 0 1
- 1 0 1 0 1 0 1 0 1
- 1 0 1 0 1 0 1 0 1 0 1 0 1 0 1
- 1 0 1 0 1 0 1 0 1 0 1 0 1 0 1 0 1 0
- 1 0 1 0 2 3
- 2 0 1 3
- 1 0 1 3 1 3 1 3 9 c b
- 1 0 1 3 2
- 1 0 1 3 2 3 2 3 2
- 3 0 1 3 2 8
- 1 0 1 3 6 3 9 8 b
- 1 0 1 3 9
- 1 0 1 3 9 c b
- 1 0 1 3 9 d f
- 1 0 1 4 1 0
- 1 0 1 4 1 4 1
- 1 0 1 4 1 4 1 0
- 1 0 1 4 1 4 1 4
- 1 0 1 4 1 4 1 4 1
- 1 0 1 4 1 4 1 4 1 4 1 4
- 1 0 1 4 1 4 1 4 1 4 1 4 1 4
- 1 0 1 4 1 4 1 4 1 4 1 4 1 4 1
- 1 0 1 4 1 4 1 4 1 4 1 4 1 4 1 4 1 4 1 4 1 4 1 4 1 4 1 4 1
- 1 0 1 4 5 h k m q r
- 1 0 1 4 6
- 1 0 1 4 6 3 2
- 1 0 1 4 6 3 2 8
- 1 0 1 4 6 3 2 8 9 8 9 b
- 1 0 1 4 6 3 9 d 9 8
- 1 0 1 4 6 4 3 6 3 2
- 1 0 1 4 6 d 6 3 2
- 1 0 2 0 2 0
- 2 0 2 3 1
- 1 0 2 3 2 0
- 1 0 2 3 2 0 2
- 1 0 2 3 2 3 2 3 9 3 2
- 1 0 2 3 6 d e 7 5 h j m j
- 1 0 2 3 6 d e s u v
- 1 0 2 3 9
- 1 0 2 3 9 d 9 8
- 1 0 2 8 9
- 2 0 3 9 c 9
- 1 0 3 9 c b
- 1 0 5 h
- 1 0 8
- 1 0 9 8 9 8 b
- 2 0 b
- 1 0 b c 9
- 1 0 v
- 3 1 0 1
- 1 1 0 1 0 1 0
- 1 1 0 1 0 1 0 1 0
- 1 1 0 1 0 1 0 1 0 1 0 1 0 2 3 2 3 2 3 9
- 1 1 0 1 0 1 3 6 3
- 1 1 0 1 2
- 9 1 0 2
- 1 1 0 2 0
- 1 1 0 2 3 1
- 1 1 0 2 3 2 3 1 4
- 1 1 0 2 3 2 8 9 8 9
- 2 1 0 2 8
- 1 1 0 d e s u v t v t v
- 1 1 3 1
- 2 1 3 1 0 2
- 1 1 3 1 3 1 3 2 8 9 b c b c b 9 8 9 8 2 3 2 3 1
- 1 1 3 2 0 2
- 3 1 3 2 3 2
- 1 1 3 2 3 2 3 2 3 2
- 1 1 3 2 3 2 3 2 3 2 3 2 3 2 3 2 3 2 3 2 3 1
- 1 1 3 2 3 2 3 2 3 2 3 2 3 2 3 2 3 2 3 9
- 1 1 3 2 3 2 3 2 8 9
- 1 1 3 2 3 2 3 2 8 b 8 2
- 1 1 3 2 3 2 3 9
- 1 1 3 2 3 2 8
- 1 1 3 2 3 2 8 2
- 1 1 3 2 3 2 8 9 8 9 b c b 8 9 8 9 8 2 3 2 3 1
- 12 1 3 2 8
- 2 1 3 2 8 2
- 1 1 3 2 8 4 1
- 1 1 3 2 8 b 8 2 3 1
- 2 1 3 6
- 4 1 3 6 3 2
- 1 1 3 6 3 2 3 2 3 2 3 2 8 2
- 4 1 3 6 3 2 8
- 1 1 3 6 4 1 0 1 4 6 d e s u
- 1 1 3 6 4 1 4 1 3 2
- 1 1 3 6 d e s u
- 4 1 3 9
- 1 1 3 9 3 2 3 2
- 1 1 3 9 d f
- 6 1 4 1
- 2 1 4 1 0
- 1 1 4 1 3
- 3 1 4 1 4 1
- 2 1 4 1 4 1 0
- 4 1 4 1 4 1 4 1
- 2 1 4 1 4 1 4 1 0
- 1 1 4 1 4 1 4 1 4 1
- 1 1 4 1 4 1 4 1 4 1 4
- 1 1 4 1 4 1 4 1 4 1 4 1 4 1
- 1 1 4 1 4 1 4 1 4 1 4 1 4 1 4 1 0
- 1 1 4 1 4 1 4 6 3 2 8
- 1 1 4 1 4 3 2 8 2 0 1
- 2 1 4 1 4 6 3 2
- 1 1 4 5
- 1 1 4 5 6 3 1 0
- 1 1 4 5 h j
- 2 1 4 5 h j h
- 1 1 4 5 h j n
- 1 1 4 6 3 2 8
- 2 1 4 6 3 6 3 9 d f
- 1 1 4 6 4 6 3 2
- 1 1 b c
- 7 2 0
- 1 2 0 1
- 1 2 0 1 0
- 1 2 0 1 0 1 0
- 1 2 0 1 0 1 0 1 0 1 0 1 0 2
- 1 2 0 1 0 1 0 1 0 2 0 1 3 6 2 3 1 2 1 3 2
- 1 2 0 2 0 2
- 1 2 0 2 3
- 1 2 0 2 3 1 3 2
- 1 2 0 2 3 1 3 2 0
- 1 2 0 2 3 2
- 3 2 0 2 4
- 1 2 0 2 8
- 2 2 1
- 1 2 1 2
- 1 2 1 8 9 8 2 8 2 3 6 3 2
- 2 2 3 1 0
- 1 2 3 1 0 1
- 1 2 3 1 0 1 0 1 0 1 0 1 0 1 0 1 0 1 0 2 3 6 d 6 d 6 3 2
- 1 2 3 1 0 1 0 1 3 e d 9
- 2 2 3 1 3
- 1 2 3 1 3 1 3 6 3 6 3 6 3 1 0
- 1 2 3 1 3 1 4 6 3 6 3 9 d f
- 10 2 3 1 3 2
- 1 2 3 1 3 2 3 2 3
- 1 2 3 1 3 2 3 2 3 2
- 1 2 3 1 3 2 3 2 3 2 3 2 3 2 8
- 1 2 3 1 3 2 8 b
- 1 2 3 1 4
- 1 2 3 1 4 1 3 2
- 1 2 3 1 4 5 h j n
- 1 2 3 1 4 6 3 2
- 2 2 3 1 4 6 3 9 d f
- 1 2 3 1 5 h 5 4
- 2 2 3 2 0
- 1 2 3 2 0 1 0 1 0 2 0 2 3 2 3 2 3 2 3 2 3 2 0 1 0 3 9 d 6 3 2
- 2 2 3 2 0 2
- 5 2 3 2 3
- 1 2 3 2 3 0 2
- 2 2 3 2 3 1
- 1 2 3 2 3 1 0
- 1 2 3 2 3 1 3
- 1 2 3 2 3 1 3 2 3 2
- 3 2 3 2 3 1 3 2 3 2 3 2
- 1 2 3 2 3 1 3 2 3 2 3 2 8 2
- 1 2 3 2 3 1 3 6 3 6 4 5 4 6 3 2 3 2
- 1 2 3 2 3 1 4 6 3 2
- 12 2 3 2 3 2
- 1 2 3 2 3 2 0
- 1 2 3 2 3 2 3
- 1 2 3 2 3 2 3 1 3 2
- 1 2 3 2 3 2 3 2 3 2 0 2
- 1 2 3 2 3 2 3 2 3 2 3
- 1 2 3 2 3 2 3 2 3 2 3 2
- 1 2 3 2 3 2 3 2 3 6 d 6 3 6 4
- 2 2 3 2 3 2 3 2 8 2
- 1 2 3 2 3 2 3 6 4 1 4 1 4 1 4
- 2 2 3 2 3 2 8
- 2 2 3 2 3 2 8 2
- 1 2 3 2 3 2 8 9 8 9 8 9 8 9 3 2
- 1 2 3 2 3 6 3
- 1 2 3 2 3 6 4
- 2 2 3 2 3 6 d e s
- 1 2 3 2 3 8 9
- 1 2 3 2 3 9 d
- 8 2 3 2 8 2
- 1 2 3 2 8 2 3 2 3 2
- 1 2 3 2 8 2 8
- 2 2 3 2 8 2 8 2 3
- 13 2 3 2 8 9
- 1 2 3 2 8 9 3 2
- 1 2 3 2 8 9 8 9 8 9 8 9 8 2 3 2 3 2 3 2 3 2 3 2 3 2
- 1 2 3 2 x
- 1 2 3 4 3 2 3 6 3 6 3 6 1 4 1 4 3 2
- 1 2 3 4 6 3 2
- 1 2 3 6 2 3 2 3 2 3 2
- 1 2 3 6 3 1
- 1 2 3 6 3 1 0
- 1 2 3 6 3 1 3 2
- 1 2 3 6 3 1 4 3 2
- 12 2 3 6 3 2
- 1 2 3 6 3 2 3 2
- 1 2 3 6 3 2 3 2 3 1
- 4 2 3 6 3 2 8
- 3 2 3 6 3 2 8 2
- 1 2 3 6 3 6 1 3 1 3 6 d e s u
- 2 2 3 6 3 6 3
- 1 2 3 6 3 6 3 2
- 1 2 3 6 3 6 3 2 8
- 1 2 3 6 3 6 3 6
- 1 2 3 6 3 6 3 6 3 1 4 1 4 5
- 1 2 3 6 3 6 3 6 3 6 4 5 h 5 4 6 3 2
- 2 2 3 6 3 6 3 6 4 1 4 1 4 1 4 5 h j n
- 1 2 3 6 3 6 4 1
- 1 2 3 6 3 6 4 1 4 1 4 1 4 1 4 1 4
- 1 2 3 6 3 6 4 5 h j
- 6 2 3 6 4 1
- 1 2 3 6 4 1 0
- 1 2 3 6 4 1 3 1 3 6 3 2
- 1 2 3 6 4 1 3 2
- 1 2 3 6 4 1 4 1 2
- 1 2 3 6 4 1 4 1 4
- 1 2 3 6 4 1 4 1 4 1 2
- 1 2 3 6 4 1 4 1 4 1 4
- 2 2 3 6 4 1 4 1 4 1 4 1 4
- 1 2 3 6 4 1 4 1 4 1 4 1 4 1 4 1 4 1 4 1 4 1 4 1 4 1 4 1 4 1 4 1
- 1 2 3 6 4 1 4 1 4 1 4 1 4 1 4 1 4 1 4 1 4 1 4 6 3 2
- 1 2 3 6 4 1 4 1 4 1 4 6 3 2 8 2
- 1 2 3 6 4 1 4 1 4 6
- 1 2 3 6 4 1 4 1 4 6 3 2
- 1 2 3 6 4 1 4 1 4 6 3 6 3 6 d 6 3 2 3 2 3 1 3 2 3 2 3
- 1 2 3 6 4 1 4 5 j
- 2 2 3 6 4 1 4 6 3
- 1 2 3 6 4 1 4 6 3 6
- 1 2 3 6 4 1 4 6 3 6 d e 7 5 7 e d 6 d 6 3 6 4 1 4 6 3 6 3 2
- 1 2 3 6 4 1 4 6 4 1
- 1 2 3 6 4 1 h
- 1 2 3 6 4 5 4 5 4
- 14 2 3 6 4 5 h j
- 1 2 3 6 4 5 h j n
- 1 2 3 6 4 5 j
- 1 2 3 6 4 5 j n
- 2 2 3 6 4 6 3 2
- 1 2 3 6 7 e
- 1 2 3 6 7 e d 6 d 6 3 2 8 9 8 9
- 1 2 3 6 7 k 7 6 3 2
- 9 2 3 6 d
- 2 2 3 6 d 6
- 1 2 3 6 d 6 3 6 3 6 4 1 0
- 1 2 3 6 d 6 3 6 4
- 1 2 3 6 d 6 d 6 3 6 3 1
- 1 2 3 6 d 6 d 6 d 6 3 2
- 1 2 3 6 d e 7 5
- 4 2 3 6 d e 7 5 h j
- 1 2 3 6 d e d 6 3 2
- 1 2 3 6 d e d 9 8
- 1 2 3 6 d e d 9 8 b
- 1 2 3 6 d e g e d 9 3
- 1 2 3 6 d e g u
- 1 2 3 6 d e s 2 3 2 3 2
- 2 2 3 6 d e s e s e s e d 6 3 2
- 1 2 3 6 d e s e s e s e s e s e
- 2 2 3 6 d e s u
- 1 2 3 6 d e s u s u v u v t w y w q r
- 2 2 3 6 d e s u v
- 1 2 3 6 d e s u v t w y z x
- 1 2 3 8 b
- 41 2 3 9
- 1 2 3 9 3 1 3
- 3 2 3 9 3 2
- 1 2 3 9 3 6 4
- 1 2 3 9 3 9 3 9 3 9 3 9 3 9 3 9 3 2 3 2 3
- 1 2 3 9 8 9 d 6 d 9
- 2 2 3 9 c 9
- 1 2 3 9 c b
- 6 2 3 9 d
- 1 2 3 9 d 3 2
- 1 2 3 9 d 6
- 2 2 3 9 d 9 3 2
- 2 2 3 9 d 9 8
- 1 2 3 9 d 9 8 2 3 9 d 9 8
- 1 2 3 9 d 9 8 9 8 9 8 9 8 2 3 2 3 9 d
- 3 2 3 9 d 9 d f
- 5 2 3 9 d e 7
- 5 2 3 9 d e 7 5
- 1 2 3 9 d e 7 5 h
- 2 2 3 9 d e 7 5 h j
- 1 2 3 9 d e d 9 3 2
- 1 2 3 9 d e s u
- 1 2 3 9 d e u v
- 1 2 3 9 d f g e d 6
- 1 2 3 9 d f g u s u v t w y z x
- 1 2 3 d e s e
- 1 2 3 e s t w x
- 2 2 4
- 1 2 6 3 2 8
- 1 2 8 2 0
- 1 2 8 2 3 2
- 1 2 8 2 3 9 d f
- 4 2 8 2 8
- 5 2 8 2 8 2
- 1 2 8 2 8 2 8 2
- 1 2 8 2 8 2 8 2 3 6 4 6 d e s u g e d 9 3 2 8 2 8 2 8 2 8 9 8 2 8 2
- 1 2 8 2 8 2 8 2 8 2 3 1
- 1 2 8 2 8 2 8 2 8 2 8 9
- 1 2 8 2 8 2 8 9 3
- 1 2 8 2 8 3 2 8 9 8 3 2
- 1 2 8 2 8 9 8 9 3 9
- 1 2 8 3 1 2
- 2 2 8 6
- 11 2 8 9
- 1 2 8 9 3 2
- 3 2 8 9 8
- 1 2 8 9 8 9 8 9 8 2
- 1 2 8 9 8 9 8 9 c b c b 8 9 8
- 1 2 8 9 8 9 8 b
- 1 2 8 9 8 9 8 b 8 b 8 b 8 b 8 9 8 9 8 9 8 9 8 9 8 9 8 9 8 9 8 9 8 9 8 9 8
- 1 2 8 9 8 b 8
- 1 2 8 9 8 b c b
- 1 2 8 9 b
- 1 2 8 9 b c
- 1 2 8 9 b c b
- 6 2 8 9 d f
- 23 2 8 b
- 1 2 8 b 8
- 1 2 8 b 8 2
- 6 2 8 b 8 2 8
- 1 2 8 b 8 9
- 1 2 9 3
- 1 2 9 3 2
- 1 2 9 8 3 1
- 1 2 c
- 1 2 c f 2
- 1 2 d 6
- 1 2 d 7 5 h
- 1 2 d e g 2 3 2 3 2 3 2 3 2 3
- 2 3 0
- 1 3 0 1 3 9 c b
- 1 3 1 0
- 1 3 1 0 1 3 9
- 1 3 1 3 0 3
- 1 3 1 3 2
- 1 3 1 3 2 0
- 1 3 1 3 2 8
- 1 3 1 3 6 3 2
- 1 3 1 3 6 4 1 4 1 4 1 4 1 4 1 4 1 4 1 4
- 3 3 1 3 9
- 1 3 1 3 9 c b
- 1 3 1 3 b
- 1 3 1 4 1 3 9
- 1 3 1 4 1 4 1 3 2 8
- 1 3 1 4 1 4 1 4 1 4 1 4 1 4 1 4 1 4 1 4 1 4 1 4 1 3
- 1 3 1 4 3
- 1 3 1 4 6 3 6 3 2
- 3 3 2 0
- 1 3 2 0 1
- 1 3 2 0 1 0 1 0 1 0 1 0 1 0 1 0 1 0 2 3 2 3 9
- 1 3 2 0 2
- 1 3 2 3 1
- 5 3 2 3 2
- 2 3 2 3 2 3
- 3 3 2 3 2 3 2
- 2 3 2 3 2 3 2 3
- 1 3 2 3 2 3 2 3 2 3 2 8
- 1 3 2 3 2 3 9
- 1 3 2 3 2 8
- 1 3 2 3 2 8 9 8 9 b
- 1 3 2 3 4 5
- 1 3 2 3 8 9 8 9 8 b
- 1 3 2 3 9
- 1 3 2 3 9 3 9 3 9
- 1 3 2 3 9 3 9 3 9 3 9 8 2
- 2 3 2 8 2
- 1 3 2 8 9 3 2
- 1 3 2 8 9 8
- 1 3 2 8 9 8 9 8
- 1 3 2 8 9 8 9 8 9 8 9 8 2 3 2 3 2 3 2 3 2 3 2 3
- 1 3 4 3
- 1 3 6 0 8 9 8 2
- 9 3 6 3 2 8
- 1 3 6 3 6 3 1 4 1 4 1 4 1
- 1 3 6 3 6 3 6 3 6 3
- 1 3 6 3 8 2 0 2 1 3 9 c b
- 1 3 6 3 9
- 1 3 6 3 9 d 3 6 d 6 d 6 3 9 d 6 3
- 1 3 6 3 9 d 6 3
- 1 3 6 4 1 4 1 4 1 4 1 4
- 1 3 6 4 1 4 1 4 1 4 1 4 1 4
- 1 3 6 4 1 4 1 4 1 4 1 4 1 4 1
- 1 3 6 4 1 4 6
- 1 3 6 4 1 5 h j
- 2 3 6 4 5
- 4 3 6 4 5 h j
- 1 3 6 4 5 j
- 1 3 6 4 6
- 1 3 6 4 6 3 2 8
- 1 3 6 4 6 3 6 d e s u
- 1 3 6 4 j n
- 1 3 6 d 6 3 6 3 1 4 1 4 1 4 6 3 6 3
- 1 3 6 d 6 3 9 3
- 1 3 6 d 6 d 6 d
- 1 3 6 d 6 d 9 3
- 1 3 6 d 7 5 h j
- 1 3 6 d e g u g u
- 1 3 6 d e g u g u g e d 9
- 1 3 6 d e s
- 1 3 6 d e s u v
- 1 3 6 d e s u v t v t v u s u s e d 6 3 2 8
- 1 3 9 3 2 3 9
- 1 3 9 3 6 3 2 8
- 1 3 9 3 6 4 1 4 1 4 1
- 1 3 9 3 6 d 6 d 6 d 6 d 6 d 6 d 6 3 6 4 1 4 6 3 6 3
- 3 3 9 3 9 3
- 1 3 9 3 9 3 2
- 2 3 9 8 9
- 1 3 9 8 9 3 2
- 1 3 9 8 9 3 2 3
- 1 3 9 8 9 8 9 8 9
- 1 3 9 8 9 8 9 8 9 8 b c b c b
- 1 3 9 8 9 8 9 c b c
- 1 3 9 8 9 b
- 1 3 9 c 3 2
- 2 3 9 c 9 3
- 1 3 9 c 9 3 2
- 1 3 9 c 9 3 6 3 2
- 1 3 9 c 9 8 2
- 1 3 9 c 9 d 6 d 6 3 6 3 6 4 1 0
- 1 3 9 d 9 3 6 d e s u v t w y z x
- 3 3 9 d 9 8
- 1 3 9 d e 7 5 h j
- 4 3 9 d f
- 1 3 c b
- 1 4 1 0 1
- 1 4 1 0 1 3 2 8
- 1 4 1 0 1 4 6 3 6 4 1 3 2 8
- 2 4 1 3 2
- 1 4 1 3 6 3 9 d 6 d 3 1 0 1 3 e d 9 3
- 2 4 1 4 1 4 1 0
- 1 4 1 4 1 4 1 4 1 4
- 1 4 1 4 1 4 1 4 1 4 1 4
- 1 4 1 4 1 4 1 4 1 4 1 4 1 4 1 4 1 4
- 1 4 1 4 1 4 1 4 1 4 1 4 1 4 1 4 1 4 1
- 1 4 1 4 1 4 1 4 1 4 6 d 6 1 4 5
- 1 4 1 4 1 4 1 4 6 3 2
- 1 4 1 4 1 4 1 e
- 1 4 1 4 1 4 6 3 2
- 1 4 1 4 5 h
- 1 4 1 4 5 j h 5 4
- 1 4 1 4 6 3 2
- 1 4 1 4 6 3 2 8
- 1 4 1 6 3 2
- 1 4 2 3 1 4
- 1 4 3 2 0
- 2 4 3 9 d f
- 2 4 5
- 1 4 5 4
- 1 4 5 4 1 0
- 1 4 5 4 5 4 6 3 2
- 1 4 5 7 e d 9 d f
- 2 4 5 h
- 3 4 5 h j
- 1 4 5 h j n
- 11 4 5 h j n p
- 1 4 5 h j n p r p
- 2 4 5 h k s t w y z x
- 1 4 5 j h
- 2 4 6 3 2 3
- 1 4 6 3 2 3 2 3 1 3 2 3 2
- 1 4 6 3 2 3 2 3 2 3 2
- 1 4 6 3 2 3 2 8
- 2 4 6 3 2 3 2 8 2
- 2 4 6 3 2 8 9
- 1 4 6 3 6 3 2
- 1 4 6 3 6 3 2 8
- 1 4 6 3 6 3 e 6 3 6
- 1 4 6 3 6 4 6 3 2
- 1 4 6 3 6 d e g u
- 1 4 6 3 6 d e s u s e d 6 3 6 4
- 5 4 6 3 9
- 1 4 6 3 9 8
- 4 4 6 3 9 d f
- 1 4 6 4 3
- 1 4 6 4 6 3 2 8
- 1 4 6 7 6 7 6
- 1 4 6 7 e
- 1 4 6 8 6 4
- 1 4 6 c b c b 8 9 8 9 8 9 8 2 3 1 4
- 1 4 6 d e s k 7 5
- 1 4 6 d e s u
- 1 5
- 1 5 4 1 4 1 0 2 3 2 0 1 4 5 h 5 h
- 1 5 4 6 3 2
- 1 5 7
- 1 5 7 e d 9
- 2 5 7 e d 9 8
- 1 5 7 e d 9 8 2
- 1 5 7 e d e s u
- 1 5 h
- 2 5 h j
- 1 5 h j n p
- 4 5 h k s t w y z x
- 3 6 1
- 3 6 2 8
- 1 6 2 8 2 8
- 5 6 3 2
- 1 6 3 2 3 2
- 1 6 3 2 3 2 3 2 3 2 8
- 8 6 3 2 8
- 1 6 3 2 8 9
- 1 6 3 6
- 2 6 3 6 3 2
- 1 6 3 6 3 6 3 2
- 1 6 3 6 4 6
- 1 6 3 6 d e s u v
- 1 6 4 1
- 1 6 4 1 0
- 1 6 4 1 4 1 4 1 0
- 1 6 4 1 4 1 4 1 4 1 4 1
- 1 6 4 5 h
- 1 6 4 5 h j
- 1 6 4 5 h j n
- 1 6 4 6 3 1 3 6 3 2
- 1 6 4 6 3 2 8 2 8
- 1 6 4 6 3 6 d e g u
- 1 6 8 6 4 6 4
- 3 6 d
- 1 6 d 6
- 1 6 d 9
- 1 6 d 9 3 2
- 1 6 d 9 c b
- 1 6 d e g u
- 3 6 d e s u v
- 1 6 d e s u v t v
- 1 6 e d e d 9 d 6 d 6 1 3 e d 9
- 1 6 e f d e m e d e g f g e d e d 6 4
- 1 7 5
- 1 7 5 h j
- 1 7 6 3 6 d e 7 5 h j n p r
- 1 7 e d 9 8 2
- 126 8
- 1 8 1
- 10 8 2 0
- 1 8 2 0 1 0 1
- 1 8 2 0 1 2 8
- 1 8 2 0 2
- 1 8 2 0 2 0 2 8
- 1 8 2 0 2 8
- 1 8 2 1 0 1
- 2 8 2 3 1
- 1 8 2 3 1 3 1 3 6 4
- 2 8 2 3 1 3 2
- 1 8 2 3 1 3 2 8
- 1 8 2 3 1 4 6 3 2 3 2 8 b
- 9 8 2 3 2
- 1 8 2 3 2 0 2
- 1 8 2 3 2 3
- 1 8 2 3 2 3 1
- 1 8 2 3 2 3 2
- 3 8 2 3 2 8
- 1 8 2 3 2 8 2
- 1 8 2 3 2 8 b 8 2
- 1 8 2 3 6
- 4 8 2 3 6 3
- 1 8 2 3 6 3 1 3 6 3 9 d f
- 2 8 2 3 6 3 2
- 2 8 2 3 6 3 2 8
- 1 8 2 3 6 3 6 4 1 4
- 1 8 2 3 6 3 9 d f
- 8 8 2 3 6 4
- 1 8 2 3 6 4 1 4 1
- 1 8 2 3 6 4 6 3 6 3 2 8
- 1 8 2 3 6 4 6 4
- 1 8 2 3 9 8 9
- 1 8 2 3 9 f
- 1 8 2 8 2 3 9 d 9 8
- 1 8 2 8 2 8 2 8
- 1 8 2 8 2 8 2 8 2 8 2 8 2 8 2 8 2 8
- 1 8 2 8 9 b
- 1 8 2 8 b 8
- 2 8 2 8 b 8 2
- 3 8 2 8 b 8 2 8
- 1 8 4 1 4 1 v s e d 6
- 17 8 9
- 1 8 9 3 6 4 5 4 5 7 e d 9
- 4 8 9 8
- 2 8 9 8 2
- 1 8 9 8 2 3
- 5 8 9 8 9
- 1 8 9 8 9 3
- 1 8 9 8 9 3 8 3
- 1 8 9 8 9 8
- 1 8 9 8 9 8 2 3 6 d e g u
- 1 8 9 8 9 8 9
- 1 8 9 8 9 8 9 8
- 1 8 9 8 9 8 9 8 9
- 1 8 9 8 9 8 9 8 9 3 9
- 1 8 9 8 9 8 9 8 9 8 9 8 9 8 9 8 9 8 9 8 9 8 9 8 9 8 9 8 9 8 9 8
- 1 8 9 8 9 8 9 8 9 8 9 8 9 8 9 8 9 8 9 8 9 8 9 8 9 8 9 8 9 c 8 9 8 b 9 8 9 8 9 8 9 8 9 8 9 8 9 c 8 b
- 1 8 9 8 9 8 9 8 9 8 9 8 9 8 b c b
- 1 8 9 8 9 8 9 8 9 b c
- 3 8 9 8 9 8 9 8 b c
- 1 8 9 8 9 8 9 c
- 1 8 9 8 9 8 b
- 1 8 9 8 9 8 b c
- 1 8 9 8 9 b
- 1 8 9 8 9 b c
- 2 8 9 8 b
- 1 8 9 8 b c
- 2 8 9 b
- 1 8 9 b c
- 1 8 9 b c b c
- 1 8 9 c b
- 4 8 9 d
- 1 8 9 d 6 d 6 d 6 d 6 d 9
- 1 8 9 d 6 d e d 9 8
- 1 8 9 d 6 d f
- 2 8 9 d 9
- 1 8 9 d e
- 7 8 9 d e 7 5
- 1 8 9 d e 7 5 h
- 1 8 9 d e 7 5 h j
- 1 8 9 d e 7 5 h j n p
- 1 8 9 d e g u
- 1 8 9 d e g u s e d 9 8
- 1 8 9 d e s
- 1 8 9 d e s u g
- 1 8 9 d e s u s e d 6 3 2
- 28 8 9 d f
- 1 8 9 d f g u
- 1 8 9 d f g u s u v t w
- 8 8 b
- 1 8 b 2
- 5 8 b 8
- 1 8 b 8 2 8
- 3 8 b 8 9
- 1 8 b 8 9 d 6 3
- 1 8 b 8 b
- 1 8 b 9
- 1 8 b c f
- 1 9 1 3 9 d f
- 2 9 2
- 3 9 3 1
- 2 9 3 1 3
- 1 9 3 1 3 2 3 2 3 9
- 1 9 3 1 3 2 3 9
- 12 9 3 1 3 9
- 1 9 3 1 3 9 3 9
- 1 9 3 1 3 9 8 2
- 1 9 3 1 4 1 3
- 1 9 3 1 4 1 3 9
- 48 9 3 2
- 2 9 3 2 0
- 3 9 3 2 0 1 0
- 1 9 3 2 0 1 0 1 0 1 0 1 0 2 3 2 3 9 3 9
- 1 9 3 2 3 1
- 1 9 3 2 3 2 0
- 1 9 3 2 3 6 4
- 4 9 3 2 3 9
- 1 9 3 2 3 9 3 1 4 1 3 9
- 1 9 3 2 3 9 3 9 3 9
- 1 9 3 2 8
- 1 9 3 2 8 2 3 9
- 1 9 3 2 8 2 8 2 8
- 1 9 3 6 3 6 3 2
- 2 9 3 6 4
- 1 9 3 6 4 1 0
- 1 9 3 6 4 1 3 9
- 2 9 3 6 4 1 4
- 1 9 3 6 4 6 3 2
- 1 9 3 6 4 6 3 9
- 30 9 3 9
- 7 9 3 9 3
- 1 9 3 9 3 1
- 1 9 3 9 3 1 4 1 3 9
- 4 9 3 9 3 2
- 1 9 3 9 3 2 3 9
- 1 9 3 9 3 2 8 2 3 9
- 1 9 3 9 3 6 4 1
- 1 9 3 9 3 6 4 5 h 5 h 5 4 6 3 9
- 8 9 3 9 3 9
- 1 9 3 9 3 9 3 9 3
- 1 9 3 9 3 9 3 9 3 9 3 9 3 2
- 1 9 3 9 3 9 3 9 8 2
- 1 9 3 9 3 9 8 9
- 1 9 3 9 8 2
- 1 9 3 9 8 9 3 9 3
- 1 9 3 9 8 9 8 9 8 9 3 9
- 1 9 3 9 8 9 8 9 8 9 3 9 3 9
- 1 9 3 9 d 9 3
- 2 9 3 9 d f
- 23 9 8 2
- 1 9 8 2 0
- 1 9 8 2 3 2
- 5 9 8 9
- 6 9 8 9 8
- 2 9 8 9 8 2
- 1 9 8 9 8 2 0
- 1 9 8 9 8 2 1
- 1 9 8 9 8 9
- 1 9 8 9 8 9 3 6 d e d 6 3
- 1 9 8 9 8 9 8 9
- 1 9 8 9 8 9 8 9 3
- 1 9 8 9 8 9 8 9 8 9
- 2 9 8 9 8 9 8 b c
- 1 9 8 9 8 9 b c
- 2 9 8 9 8 b
- 1 9 8 9 8 b 8 2 0 b c b c b c b c b c b
- 2 9 8 9 8 b c
- 1 9 8 9 8 b c 9 c 9 c b 8 9 8 9 8 9 8 9 3 9 3 9
- 1 9 8 9 b c
- 1 9 8 9 c 9 8 9 8 9 8 9 8 9 8 9
- 1 9 8 9 d 9
- 3 9 8 b
- 1 9 8 b 8 b 8
- 2 9 8 b c
- 7 9 b
- 44 9 c
- 1 9 c 0
- 4 9 c 9
- 4 9 c 9 3
- 1 9 c 9 3 0
- 1 9 c 9 3 2
- 2 9 c 9 3 2 0
- 1 9 c 9 3 2 3 2 3 9
- 1 9 c 9 3 6 4
- 1 9 c 9 3 9 8 9
- 1 9 c 9 8
- 1 9 c 9 c
- 1 9 c 9 c 9
- 1 9 c b 8
- 1 9 c b 8 9
- 3 9 c b 8 9 8 2
- 1 9 c b 8 9 b
- 1 9 c b 8 9 b c
- 2 9 d
- 1 9 d 6
- 1 9 d 6 3 2
- 1 9 d 6 3 9
- 1 9 d 6 4 1 4 1 4 1 0
- 1 9 d 6 d 6 d 6 3 9
- 1 9 d 6 d 9 d 6 d
- 1 9 d 9
- 1 9 d 9 8
- 1 9 d e 7 5 4 5 4 1 4 1
- 1 9 d e 7 5 h j
- 1 9 d e s u v
- 1 9 d e s u v t v
- 1 9 d e s u v t v t v u s u g f d 9
- 1 9 d u v
- 146 b
- 9 b 8
- 62 b 8 2
- 1 b 8 2 3
- 2 b 8 2 3 1
- 1 b 8 2 3 2 3
- 1 b 8 2 8
- 12 b 8 9
- 4 b 8 9 3 2
- 1 b 8 9 3 6
- 3 b 8 9 8
- 1 b 8 9 8 9
- 2 b 8 9 8 9 8
- 2 b 8 9 8 9 8 2
- 1 b 8 9 8 9 8 2 1
- 1 b 8 9 8 9 8 2 1 0 1 0
- 1 b 8 9 8 9 8 2 3 6 3 2 3
- 1 b 8 9 8 9 8 9
- 4 b 8 9 8 9 8 9 8 2
- 1 b 8 9 8 9 8 9 8 9 8 9
- 1 b 9
- 1 b 9 8
- 17 b c
- 2 b c 9 3
- 1 b c 9 3 6
- 1 b c 9 3 6 d e s u v
- 1 b c 9 3 9
- 1 b c 9 8 2
- 1 b c 9 8 9
- 1 b c 9 d e 7 5
- 7 b c b
- 1 b c b 8 9 3 9 3 2 3 2 3
- 1 b c b 8 9 8 9 8 9 8 2
- 1 b c b 8 9 8 9 8 9 8 2 3
- 4 b c b c
- 1 b c b c b c
- 28 c
- 52 c 9
- 2 c 9 3 1
- 1 c 9 3 6 3 6 3 6 3 1
- 1 c 9 c
- 1 c 9 c 9
- 1 c 9 d 6 3 6 d 9
- 1 c 9 d 9
- 14 c b
- 2 c b 8 9
- 3 c b 8 9 8
- 1 c b 8 9 8 2
- 1 c b 8 9 8 2 0 3
- 2 c b 8 9 8 9
- 3 c b 8 9 8 9 8
- 10 c b 8 9 8 9 8 2
- 1 c b 8 9 8 9 8 2 4 5 h j n q w y
- 1 c b 8 9 8 9 8 3
- 2 c b 8 9 8 9 8 9
- 4 c b 8 9 8 9 8 9 8 2
- 2 c b 8 9 8 9 8 9 8 9 8 2
- 1 c b 8 9 8 9 8 9 8 9 8 9 8 2
- 1 c b 9 8
- 2 c b 9 8 9
- 2 c b 9 8 9 8 2
- 2 c b c
- 1 c b c 9 8 9 8 2
- 1 c b c 9 8 9 8 9 8 9 2
- 1 c b c b
- 1 c b c b 0
- 1 c e c
- 1 d 6
- 1 d 6 3 2 8
- 1 d 6 3 6 3 6 3 6 3 9 3
- 1 d 6 3 9 c b
- 3 d 9 3
- 4 d 9 3 2
- 3 d 9 8
- 1 d 9 8 9
- 3 d 9 b
- 1 d 9 c b
- 1 d 9 d 9 3 2
- 2 d 9 d 9 8
- 1 d e 6
- 1 d e 6 3 1 0 1 0 1 3 e d 6 d e d 9 3 2
- 1 d e s u v t v
- 1 d f
- 1 e 3 1 0
- 1 e d 6
- 1 e d 6 3 2 8 2
- 1 e d 6 d e d 6 3 1
- 1 e d 9 8
- 1 e d e
- 1 e d e 7 e
- 2 f
- 1 f d
- 2 f d 9
- 7 f d 9 3
- 1 f d 9 3 1 3 1
- 1 f d 9 3 1 3 6 d e s u s w t v u s u s e d 6 3 2
- 4 f d 9 3 2 8 2
- 1 f d 9 3 6
- 1 f d 9 3 6 3 9 d f
- 1 f d 9 3 9 3 2
- 16 f d 9 8
- 11 f d 9 8 2
- 1 f d 9 8 2 8
- 1 f d 9 d 9 3 9
- 1 f d 9 d e 7 5
- 3 g
- 2 g e d 6 d 3 2
- 4 g u
- 1 g u g
- 1 g u g e d 6 d e s u g e d 6 d e s u
- 1 g u g e g f c 9 c b
- 1 g u g e g u
- 1 g u g u s u v t s k h 5 7 e d 9 8
- 1 g u s e d 6 3 2
- 3 h
- 2 h 5
- 2 h 5 4 1 3 2 0
- 1 h 5 4 1 4
- 2 h 5 4 6 3 2
- 1 h 5 4 6 3 6
- 1 h 5 7 6 d e g u
- 1 h 5 7 e d 9 8 2
- 1 h 5 7 e g
- 1 h 5 d 9
- 1 h j
- 1 h j h
- 1 h j m t v
- 19 j
- 1 j 5 4
- 3 j 5 7 d 9 8 2
- 1 j 5 7 e d 9 8 2
- 2 j h
- 1 j h 5 4 1
- 1 j h 5 4 1 0
- 1 j h 5 4 1 4
- 25 j h 5 4 6 3 2
- 1 j h 5 4 j n
- 8 j h 5 7 d 9 8 2
- 1 j h 5 7 e d 9
- 6 j h 5 7 e d 9 8
- 23 j h 5 7 e d 9 8 2
- 1 j h 5 7 e d 9 8 2 8 2
- 3 j h k s
- 1 j m j h k h 5 4 1 0
- 1 j m t v
- 3 j n
- 1 j n j h 5 4
- 1 m k h 5 7 e d 9 8
- 1 n
- 1 n j h 5 4 5 h j n
- 1 n j h 5 4 6 3
- 3 n j h 5 4 6 3 2
- 1 n p n
- 1 n q r q r x r
- 1 n q r x r q n p
- 5 p
- 3 p n
- 2 p n j
- 1 p n j h 5
- 13 p n j h 5 4
- 3 p n j h 5 4 0
- 1 p n j h 5 4 9 8 9 8 9 8 9 8 9 8 9 8
- 1 p n j h 5 4 b c
- 1 p n p n j h 5 4 6 3 2 8
- 1 p r x w y v
- 1 r q m k 7 e d 9 3 2
- 1 s e s
- 1 s k h 5 4
- 1 s k h 5 4 6 3 2 8 9
- 1 t s u s e d 6 3 2
- 2 u g
- 1 u g e
- 3 u g e d 6 3 1
- 2 u g e d 6 3 2
- 1 u g e d 6 3 6 4
- 1 u g e d 6 d 6 3 2
- 1 u g e d 9 3 2
- 1 u g e d 9 b
- 1 u s 6 3
- 1 u s e d 6 3 1 0
- 1 u s e d 6 3 1 3 6 d e s
- 1 u s e d 6 3 2 8
- 1 u s e d 6 3 6 4
- 1 u s e d 9
- 2 u s e d 9 8
- 1 u s e d 9 d 6 3 9 b
- 1 u s e d 9 d e s u v
- 1 u v t s k h 5
- 3 u v t v u s u s e d 6 3 2
- 1 u v u
- 1 v t s k h 5 4 1
- 1 v t v s u s e d 9
- 1 v t v u s u s e d 6 3 2
- 1 v t v u s u s e d 6 3 9 d 9 3
- 1 v t v u s u s e d 6 4
- 1 v t v u s u s e d 9 8 b 8 2
- 1 v u c 9 8
- 1 v u s 3
- 2 v u s e
- 1 v u s e d 6
- 1 v u s u s e d 6 d 6
- 1 x z y v
- 1 x z y w t
- 4 x z y w t s k h 5
- 1 x z y w t s k h 5 4 6 3 9 d 9 8 9
- 1 x z y w t v u s u g
- 1 x z y w t v u s u g f d 9 3 2
- 1 x z y w t v u s u g f d 9 3 9 3 9
- 1 x z y w t v u s u g f d 9 8
- 1 x z y w x r p
